0.176
0.167
0.166
0.197
0.610
0.168
0.161
0.625
0.383
0.173
0.161
0.157
0.165
0.160
0.263
0.168
0.157
0.154
0.168
0.211
0.361
0.179
0.185
0.182
0.183
0.186
0.167
0.207
0.595
0.407
0.158
0.161
0.174
0.156
0.169
0.274
0.175
0.203
0.161
0.167
0.154
0.242
0.474
0.157
0.148
0.156
0.197
0.163
0.153
0.156
0.156
0.226
0.171
0.198
0.170
0.145
0.172
0.158
0.171
0.145
0.163
0.158
0.159
0.157
0.193
0.185
0.406
0.174
0.192
0.175
0.245
0.176
0.164
0.165
0.157
0.167
0.168
0.158
0.430
0.220
0.167
0.166
0.164
0.192
0.174
0.158
0.189
0.390
0.163
0.158
0.164
0.164
0.167
0.154
0.204
0.166
0.323
0.187
0.166
0.184
0.166
0.157
0.160
0.204
0.204
0.178
0.169
0.157
0.157
0.197
0.161
0.159
0.164
0.201
0.158
0.181
0.234
0.185
0.165
0.164
0.158
0.163
0.212
0.172
0.185
0.233
0.160
0.212
0.165
0.164
0.183
0.164
0.158
0.162
0.288
0.518
0.206
0.166
0.313
0.166
0.165
0.170
0.171
0.161
0.158
0.158
0.218
0.162
0.290
0.219
0.161
0.170
0.153
0.175
0.203
0.159
0.203
0.164
0.162
0.226
0.158
0.160
0.520
0.188
0.608
0.154
0.156
0.156
0.249
0.149
0.163
0.161
0.153
0.164
0.164
0.169
0.167
0.162
0.492
0.161
0.152
0.156
0.155
0.198
0.161
0.151
0.183
0.171
0.154
0.154
0.191
0.328
0.249
0.169
0.166
0.182
0.166
0.158
0.157
0.205
0.187
0.161
0.166
0.173
0.163
0.438
0.196
0.163
0.174
0.190
0.153
0.159
0.169
0.149
0.155
0.204
0.170
0.167
0.160
0.161
0.199
0.214
0.166
0.151
0.165
0.267
0.167
0.168
0.269
0.163
0.225
0.158
0.200
0.177
0.159
0.158
0.225
0.325
0.170
0.238
0.173
0.161
0.167
0.155
0.181
0.161
0.544
0.152
0.149
0.213
0.170
0.156
0.166
0.166
0.158
0.225
0.170
0.167
0.174
0.155
0.167
0.160
0.249
0.158
0.164
0.256
0.175
0.171
0.153
0.238
0.167
0.208
0.173
0.315
0.181
0.155
0.166
0.159
0.200
0.170
0.170
0.201
0.218
0.174
0.198
0.161
0.170t