0.290
0.404
0.274
0.678
0.413
0.326
0.282
0.999
0.313
0.391
0.679
0.336
0.334
0.387
0.352
0.339
0.398
0.356
0.270
0.310
0.294
0.283
0.281
0.277
0.326
0.290
0.292
0.291
0.318
0.301
0.264
0.264
0.294
0.311
0.290
0.312
0.306
0.309
0.293
0.288
0.268
0.315
0.254
0.263
0.287
0.264
0.365
0.287
0.235
0.292
0.280
0.346
0.267
0.289
0.259
0.222
0.280
0.287
0.301
0.262
0.293
0.277
0.263
0.275
0.309
0.284
0.340
0.290
0.296
0.273
0.270
0.284
0.284
0.277
0.292
0.268
0.256
0.281
0.264
0.274
0.260
0.262
0.299
0.300
0.467
0.307
0.280
0.283
0.325
0.267
0.263
0.257
0.284
0.263
0.315
0.261
0.265
0.299
0.268
0.290
0.263
0.290
0.290
0.286
0.337
0.281
0.259
0.317
0.258
0.284
0.296
0.258
0.259
0.268
0.219
0.472
0.284
0.264
0.275
0.277
0.300
0.299
0.299
0.351
0.263
0.324
0.256
0.396
0.296
0.284
0.333
0.273
0.272
0.272
0.297
0.274
0.304
0.267
0.282
0.312
0.282
0.312
0.282
0.293
0.261
0.261
0.316
0.275
0.294
0.403
0.271
0.269
0.286
0.334
0.377
0.301
0.321
0.265
0.315
0.294
0.268
0.262
0.268
0.264
0.293
0.302
0.264
1.019
0.312
0.299
0.300
0.268
0.268
0.256
0.285
0.263
0.357
0.384
0.293
0.278
0.283
0.261
0.267
0.335
0.249
0.260
0.268
0.264
0.280
0.284
0.274
0.276
0.277
0.287
0.274
0.692
0.264
0.274
0.227
0.333
0.272
0.279
0.260
0.286
0.279
0.323
0.260
0.336
0.283
0.288
0.295
0.267
0.287
0.264
0.289
0.255
0.279
0.269
0.276
0.307
0.251
0.338
0.282
0.277
0.256
0.328
0.260
0.293
0.330
0.285
0.264
0.439
0.288
0.300
0.261
0.275
0.355
0.276
0.309
0.292
0.296
0.268
0.265
0.273
0.346
0.241
0.889
0.266
0.273
0.259
0.259
0.254
0.670
0.298
0.282
0.274
0.400
0.310
0.317
0.271
0.306
0.269
0.313
0.325
0.544
0.277
0.272
0.288
0.295
0.275
0.261
0.372
0.282
0.253
0.301
0.277
0.263
0.273
0.273
0.295
0.279
0.268
0.319
0.217
0.324
0.291
0.296