0.04953972401563078
0.047228430048562586
0.04260722000617534
0.04568471398670226
0.04620785894803703
0.043570718029513955
0.04752380109857768
0.05013735801912844
0.04524900100659579
0.0445820220047608
0.04467375797685236
0.04751113895326853
0.043273014947772026
0.04337199602741748
0.04487311700358987
0.045316887903027236
0.04332524095661938
0.042945577995851636
0.04555702500510961
0.04086542292498052
0.045267869951203465
0.04509852407500148
0.04354727501049638
0.041308138985186815
0.045186373055912554
0.050745788030326366
0.05113940197043121
0.0449233140097931
0.04625896702054888
0.04363477509468794
0.04439465899486095
0.043604329926893115
0.04950139007996768
0.04124977102037519
0.046525964979082346
0.04505226400215179
0.045121764997020364
0.045920907985419035
0.04618465690873563
0.0457504119258374
0.04974185302853584
0.048063107999041677
0.04357550502754748
0.04401224700268358
0.051317860023118556
0.04279501095879823
0.04104442801326513
0.04889768303837627
0.04979672306217253
0.04713396599981934
0.04444767197128385
0.04435219103470445
0.044897121959365904
0.048025440075434744
0.041797515004873276
0.04176489892415702
0.046715614036656916
0.04034219996538013
0.043959976057522
0.0414463080232963
0.04493372899014503
0.045178342959843576
0.04902320203837007
0.045379442046396434
0.05104786204174161
0.048965167021378875
0.04743701801635325
0.04124499997124076
0.04120904998853803
0.04019936197437346
0.04031173302792013
0.04925597691908479
0.0413792550098151
0.04425887099932879
0.04717218701262027
0.03937699401285499
0.046400054008699954
0.0507957519730553
0.047916556941345334
0.04560764797497541
0.04643710993696004
0.03898439509794116
0.04345022700726986
0.04054296005051583
0.04152883403003216
0.05142914003226906
0.04358708707150072
0.0462632910348475
0.050683249020949006
0.040795814944431186
0.04777789500076324
0.04890224395785481
0.04909511806908995
0.04633579705841839
0.046932289958931506
0.041921496973372996
0.043333798996172845
0.04099389899056405
0.04965207900386304
0.046015125000849366
0.04568298708181828
0.049517127918079495
0.042900765081867576
0.04618176899384707
0.043559908983297646
0.04313528793863952
0.041822674102149904
0.04412866500206292
0.04442733607720584
0.05190706602297723
0.04444173094816506
0.04433998395688832
0.04867640498559922
0.050025166012346745
0.04301240900531411
0.05164777208119631
0.04478165495675057
0.04990294307935983
0.04175581503659487
0.047926444094628096
0.04118849500082433
0.04800478590186685
0.04445244197268039
0.04092130996286869
0.04165741498582065
0.04728195699863136
0.04069626401178539
0.04325716895982623
0.044194878078997135
0.04274998605251312
0.03974772396031767
0.04447926895227283
0.04164911690168083
0.07068689307197928
0.04526772093959153
0.06028236204292625
0.0458701029419899
0.04520290298387408
0.046688760980032384
0.04369065898936242
0.04627974203322083
0.0424737089779228
0.03988523699808866
0.044202040997333825
0.042172783985733986
0.04044894501566887
0.044267595978453755
0.04160251095890999
0.04337099497206509
0.0491103840759024
0.04510176903568208
0.05286624294240028
0.04428829392418265
0.04723890300374478
0.045167017029598355
0.04885231610387564
0.04447431198786944
0.04569363500922918
0.045288880937732756
0.045785343972966075
0.04873217304702848
0.04999028891324997
0.044454719056375325
0.04229227907489985
0.04309440893121064
0.04212716897018254
0.047578791971318424
0.04666292201727629
0.04793635196983814
0.04526690999045968
0.0457397410646081
0.043500124011188745
0.04128752404358238
0.04428774688858539
0.04729491099715233
0.04706752591300756
0.04529970802832395
0.04031072196085006
0.048178590019233525
0.04024860798381269
0.04830001597292721
0.044077020953409374
0.04216363502200693
0.043842923012562096
0.044386910973116755
0.044965573004446924
0.04496691096574068
0.03972641204018146
0.045352226006798446
0.051239995053038
0.04398167901672423
0.046300343004986644
0.04371478594839573
0.045136674074456096
0.0486274209106341
0.04673884203657508
0.04254390602000058
0.04734969709534198
0.04221841995604336
0.04930001008324325
0.04734089702833444
0.04360672598704696
0.04669227998238057
0.044790045940317214
0.04187766893301159
0.045509672025218606
0.04782531003002077
0.05114067601971328
0.041955854976549745
0.04059146100189537
0.047041021985933185
0.04852538404520601
0.050049746059812605
0.04580029798671603
0.04386630293447524
0.04364142403937876
0.04247578408103436
0.04591355100274086
0.04450909199658781
0.05068296496756375
0.03941634204238653
0.04520318005234003
0.0427506830310449
0.04564502299763262
0.03945274208672345
0.04594451992306858
0.0467164310393855
0.05030959495343268
0.0452279340242967
0.042688555899076164
0.049352387082763016
0.04325564799364656
0.04779404099099338
0.04142366198357195
0.041760512976907194
0.04753342305775732
0.047819058992899954
0.04439826402813196
0.04537690500728786
0.04310354997869581
0.047793649951927364
0.04577962798066437
0.04740878893062472
0.04471669194754213
0.04742874705698341
0.04376741102896631
0.04460247198585421
0.044118853053078055
0.047481867019087076
0.04340322606731206
0.04125807899981737
0.04685870208777487
0.040268277982249856
0.046645025024190545
0.048925540992058814
0.04791795904748142
0.03985664190258831
0.04403079906478524
0.04834142897743732
0.04799272702075541
0.04039261303842068
0.04014098597690463
0.040999471908435225
0.04393150797113776
0.04681604297365993
0.047523624962195754
0.04833582497667521
0.0437525559682399
0.04266195802483708
0.042536720051430166
0.045277640921995044
0.04069833306130022
0.04047543101478368
0.043114325031638145
0.04835251998156309
0.04271872993558645
0.0425239079631865
0.044608308002352715
0.04137133795302361
0.04504270199686289
0.04443647596053779
0.039972782018594444
0.04885623406153172
0.044442208018153906
0.047303188941441476
0.04409901599865407
0.043754711048677564