0.0223
0.0223
0.020300000000000002
0.0206
0.0205
0.0173
0.0179
0.0185
0.0179
0.0193
0.0205
0.0195
0.0185
0.0189
0.016800000000000002
0.0165
0.0173
0.0216
0.02
0.0181
0.0175
0.0161
0.0175
0.0174
0.0179
0.0179
0.0169
0.019399999999999997
0.0246
0.0201
0.0172
0.0251
0.018699999999999998
0.0208
0.0189
0.0157
0.016
0.017
0.018600000000000002
0.0207
0.0174
0.0159
0.016800000000000002
0.0169
0.019
0.0174
0.0198
0.018699999999999998
0.0162
0.0188
0.0174
0.0193
0.0183
0.018600000000000002
0.018
0.017
0.0179
0.0176
0.0179
0.019600000000000003
0.0195
0.0251
0.023
0.0206
0.0181
0.023899999999999998
0.018
0.018699999999999998
0.0181
0.0192
0.019
0.019399999999999997
0.0182
0.0212
0.0177
0.018699999999999998
0.0205
0.0188
0.0171
0.0192
0.0202
0.0198
0.0177
0.0174
0.0167
0.0348
0.019399999999999997
0.0223
0.016300000000000002
0.0177
0.0181
0.0167
0.0189
0.0211
0.0169
0.019
0.0174
0.0181
0.0242
0.0193
0.0189
0.0256
0.0183
0.0177
0.0182
0.0193
0.0176
0.019600000000000003
0.019899999999999998
0.0157
0.0167
0.018
0.0175
0.02
0.0197
0.0192
0.018
0.018699999999999998
0.0222
0.0217
0.0171
0.017
0.0161
0.018699999999999998
0.022
0.017
0.0169
0.0179
0.0165
0.0174
0.016399999999999998
0.0181
0.0198
0.0202
0.0189
0.0185
0.019899999999999998
0.0223
0.0197
0.0215
0.019600000000000003
0.0176
0.019899999999999998
0.019600000000000003
0.0182
0.0175
0.0197
0.0174
0.0252
0.0176
0.0175
0.0185
0.0219
0.02
0.0184
0.0167
0.0183
0.0229
0.0344
0.0264
0.0179
0.0442
0.0218
0.0178
0.0177
0.016300000000000002
0.0171
0.018600000000000002
0.0216
0.0273
0.020399999999999998
0.0275
0.023
0.0172
0.0171
0.0193
0.023100000000000002
0.018
0.030199999999999998
0.0232
0.0197
0.019
0.019
0.0177
0.0173
0.026199999999999998
0.0247
0.0167
0.018600000000000002
0.0183
0.0183
0.0299
0.0251
0.0177
0.0189
0.018
0.0171
0.0169
0.025
0.0175
0.018
0.030100000000000002
0.0185
0.038299999999999994
0.017
0.0208
0.0197
0.0171
0.0183
0.0172
0.0202
0.019
0.0175
0.0202
0.0189
0.0172
0.0221
0.0184
0.0172
0.0162
0.016300000000000002
0.016800000000000002
0.017
0.0193
0.0183
0.0181
0.0155
0.0155
0.0201
0.0167
0.0189
0.020399999999999998
0.019
0.0188
0.0228
0.0182
0.0201
0.016399999999999998
0.016399999999999998
0.016300000000000002
0.021
0.018
0.0161
0.016800000000000002
0.0175
0.0167
0.0158
0.0182
0.0174
0.0171
0.016399999999999998
0.0162
0.0178
0.018
0.0178
0.0238
0.019100000000000002
0.0189
0.0174
0.0184
0.0167
0.0192
0.0161
0.0224
0.0167
0.0166
0.0156
0.016300000000000002
0.0171
0.018600000000000002
0.0198
0.0179
0.0212
0.0197
0.0182
0.0177
0.0184
0.0188
0.0189
0.018699999999999998
0.020399999999999998
0.0192
0.0188
0.0213
0.0183
0.0201
0.0193
