0.736
0.802
0.703
0.689
0.954
0.735
0.702
1.006
0.824
0.786
0.715
0.705
0.697
0.726
0.726
0.725
0.729
0.704
0.843
0.755
0.701
0.756
0.735
0.572
0.755
0.868
0.764
0.762
0.909
0.745
0.694
0.639
1.036
0.706
0.718
0.802
0.759
0.747
0.754
0.730
0.694
0.442
0.435
0.395
0.666
0.655
0.666
0.693
0.632
0.695
0.686
0.739
0.657
0.669
0.671
0.701
0.655
0.697
0.678
0.693
0.651
0.660
0.696
0.686
0.716
0.708
0.682
0.630
0.610
0.694
0.687
0.495
0.450
0.498
0.712
0.714
0.685
0.722
0.745
0.727
0.687
0.733
0.676
0.743
0.715
0.748
0.993
0.715
0.689
0.724
0.511
0.722
0.707
0.770
0.707
0.713
0.688
0.766
0.707
0.720
0.707
0.690
0.692
0.696
0.768
0.699
0.691
0.410
0.748
0.665
0.686
0.749
0.892
0.735
0.729
0.709
0.688
0.725
0.684
0.766
0.675
0.710
0.730
0.729
0.728
0.720
0.690
0.734
0.684
0.738
0.714
0.700
0.746
0.728
0.777
0.978
0.741
0.432
0.401
0.373
0.387
0.376
0.391
0.391
0.418
0.379
0.359
0.392
0.428
0.445
0.403
0.410
0.377
0.414
0.367
0.400
0.456
0.379
0.394
0.397
0.383
0.403
0.422
0.412
0.388
0.400
0.386
0.411
0.392
0.398
0.380
0.387
0.381
0.396
0.395
0.387
0.373
0.400
0.401
0.414
0.381
0.383
0.376
0.422
0.386
0.368
0.424
0.390
0.396
0.388
0.396
0.380
0.404
0.404
0.391
0.424
0.409
0.395
0.386
0.400
0.387
0.393
0.398
0.401
0.395
0.523
0.398
0.388
0.395
0.418
0.402
0.387
0.393
0.381
0.384
0.412
0.386
0.383
0.365
0.396
0.382
0.425
0.375
0.373
0.363
0.420
0.388
0.402
0.458
0.390
0.409
0.382
0.365
0.379
0.375
0.391
0.431
0.373
0.393
0.389
0.413
0.400
0.394
0.416
0.379
0.384
0.541
0.391
0.404
0.395
0.394
0.389
0.371
0.402
0.403
0.378
0.393
0.395
0.412
0.394
0.397
0.393
0.385
0.376
0.387
0.382
0.412
0.401
0.392
0.390
0.398
0.429
0.366
0.409
0.409
0.379
0.392
0.390
0.426
0.395
0.387
0.418
0.422
0.370
0.394
0.376
0.381