0.160
0.162
0.271
0.172
0.621
0.175
0.155
0.517
0.233
0.167
0.155
0.303
0.171
0.170
0.220
0.182
0.166
0.208
0.155
0.220
0.151
0.206
0.211
0.154
0.177
0.156
0.150
0.202
0.510
0.208
0.152
0.157
0.223
0.150
0.152
0.198
0.180
0.249
0.172
0.232
0.169
0.175
0.195
0.187
0.215
0.161
0.159
0.149
0.160
0.151
0.153
0.271
0.152
0.149
0.160
0.144
0.167
0.156
0.150
0.141
0.159
0.160
0.162
0.147
0.272
0.248
0.159
0.150
0.164
0.174
0.151
0.149
0.148
0.157
0.162
0.215
0.158
0.186
0.149
0.189
0.149
0.155
0.154
0.184
0.148
0.157
0.187
0.151
0.148
0.190
0.193
0.180
0.190
0.151
0.230
0.158
0.153
0.165
0.155
0.191
0.167
0.148
0.187
0.163
0.267
0.172
0.169
0.155
0.231
0.148
0.211
0.152
0.153
0.155
0.197
0.157
0.147
0.186
0.149
0.150
0.148
0.156
0.175
0.222
0.180
0.184
0.246
0.147
0.151
0.154
0.166
0.147
0.154
0.144
0.185
0.496
0.191
0.182
0.183
0.149
0.154
0.155
0.150
0.239
0.160
0.148
0.145
0.202
0.165
0.291
0.148
0.147
0.215
0.181
0.197
0.151
0.266
0.152
0.163
0.164
0.149
0.147
0.182
0.150
0.161
0.148
0.245
0.172
0.374
0.174
0.155
0.152
0.171
0.150
0.160
0.158
0.154
0.156
0.198
0.161
0.154
0.153
0.159
0.193
0.156
0.155
0.179
0.154
0.145
0.149
0.151
0.146
0.148
0.150
0.154
0.187
0.167
0.158
0.147
0.204
0.157
0.153
0.143
0.163
0.297
0.503
0.162
0.148
0.182
0.148
0.155
0.253
0.150
0.168
0.158
0.154
0.147
0.159
0.157
0.149
0.149
0.193
0.151
0.157
0.149
0.245
0.160
0.202
0.201
0.167
0.155
0.156
0.185
0.156
0.148
0.146
0.249
0.219
0.155
0.153
0.184
0.152
0.148
0.236
0.153
0.152
0.540
0.151
0.159
0.150
0.169
0.149
0.153
0.238
0.150
0.150
0.183
0.150
0.165
0.152
0.207
0.160
0.155
0.156
0.250
0.153
0.175
0.183
0.170
0.164
0.157
0.208
0.173
0.156
0.179
0.160
0.150
0.175
0.185
0.153
0.147
0.197
0.232
0.137
0.149
0.153
0.152
