0.817
0.789
0.881
0.811
1.154
0.785
0.823
1.113
0.785
0.787
0.779
0.832
0.774
0.849
0.836
0.826
0.774
0.821
0.776
0.873
0.837
0.831
0.780
0.792
0.850
0.824
0.799
0.861
1.037
0.810
0.809
0.789
0.795
0.625
0.531
0.855
0.798
0.810
0.771
0.755
0.772
0.775
0.766
0.779
0.790
0.775
0.802
0.767
0.794
0.795
0.779
0.819
0.828
0.782
0.777
0.777
0.800
0.779
0.756
0.862
0.828
0.751
0.769
0.834
0.832
0.765
0.549
0.649
0.790
0.815
0.765
0.788
0.801
0.839
0.848
0.813
0.837
0.795
0.778
0.876
0.778
0.790
0.777
0.828
0.777
0.789
0.806
0.777
0.832
0.847
0.827
0.812
0.790
0.800
0.882
0.775
0.787
0.802
0.835
0.870
0.804
0.824
0.828
0.769
0.818
0.766
0.764
0.522
0.517
0.493
0.497
0.499
0.489
0.501
0.483
0.502
0.549
0.526
0.492
0.492
0.491
0.493
0.522
0.515
0.528
0.651
0.765
0.764
0.779
0.782
0.803
0.792
0.767
0.763
0.816
0.964
0.808
0.771
0.795
0.771
0.792
0.770
0.798
0.793
0.782
0.802
0.787
0.828
0.820
0.816
0.851
0.803
0.799
0.797
0.828
0.821
0.823
0.796
0.812
0.823
0.788
0.802
0.821
0.785
0.775
0.778
0.819
0.769
0.774
0.762
0.794
0.806
0.748
0.758
0.765
0.823
0.765
0.807
0.822
0.810
0.741
0.793
0.768
0.805
0.752
0.790
0.802
0.777
0.825
0.759
0.776
0.730
0.551
0.545
0.854
0.873
0.774
0.790
0.803
0.844
0.779
0.776
0.847
0.861
0.843
1.057
0.842
0.826
0.814
0.856
0.848
0.796
0.771
0.803
0.848
0.840
0.809
0.810
0.885
0.848
0.791
0.830
0.813
0.836
0.822
0.853
0.788
0.837
0.836
0.835
0.850
0.869
0.853
0.849
0.821
0.788
0.723
0.823
0.788
0.809
0.826
0.837
0.810
0.820
0.805
0.821
1.024
0.793
0.855
0.883
0.839
0.846
0.840
0.799
0.807
0.859
0.827
0.802
0.813
0.820
0.818
0.817
0.809
0.804
0.795
0.817
0.552
0.788
0.792
0.801
0.831
0.857
0.799
0.812
0.839
0.812
0.819
0.807
0.857
0.824
0.820
0.823
0.827
0.785
0.784
0.799
0.764