0.397
0.329
0.333
0.387
0.361
0.311
0.335
1.004
0.381
0.356
0.321
0.344
0.342
0.328
0.347
0.351
0.347
0.327
0.373
0.376
0.353
0.362
0.342
0.364
0.344
0.364
0.355
0.323
0.400
0.323
0.333
0.368
0.399
0.342
0.357
0.349
0.361
0.375
0.324
0.401
0.332
0.350
0.295
0.338
0.333
0.332
0.389
0.337
0.286
0.345
0.357
0.374
0.328
0.356
0.343
0.273
0.337
0.340
0.337
0.320
0.329
0.294
0.317
0.314
0.342
0.328
0.338
0.344
0.325
0.357
0.357
0.331
0.328
0.384
0.333
0.313
0.358
0.337
0.327
0.350
0.339
0.337
0.339
0.382
0.335
0.317
0.362
0.326
0.324
0.331
1.240
0.413
0.369
0.410
0.353
0.337
0.365
0.350
0.347
0.325
0.320
0.338
0.332
0.477
0.377
0.357
0.338
0.325
0.362
0.326
0.325
0.321
0.342
0.356
0.321
1.346
0.320
0.309
0.319
0.348
0.317
0.324
0.374
0.322
0.324
1.048
0.330
0.341
0.319
0.316
0.343
0.322
0.339
0.323
0.370
0.386
1.448
0.303
0.316
0.328
0.295
0.299
0.308
0.299
0.298
0.314
0.309
0.309
1.311
0.346
0.307
0.301
0.314
0.322
0.348
0.298
1.432
0.311
0.328
0.322
0.337
0.327
0.313
0.317
0.319
0.315
0.839
0.346
0.333
0.359
0.318
0.326
0.317
0.315
0.340
0.336
0.361
0.338
0.290
0.349
1.269
0.330
0.341
0.398
0.324
0.323
0.315
0.338
0.330
0.346
0.317
0.333
0.708
0.339
0.323
0.398
0.347
0.321
0.263
0.362
0.372
0.330
0.327
0.351
0.342
0.761
0.396
0.397
0.504
0.340
0.363
0.374
0.329
0.343
0.376
0.353
0.654
0.344
0.347
0.320
0.300
0.359
0.349
0.439
0.313
0.403
0.314
0.339
0.390
0.303
0.667
0.341
0.293
0.300
0.291
0.297
0.339
0.282
0.287
0.307
0.296
0.280
0.310
0.314
0.284
0.225
0.889
0.290
0.293
0.318
0.298
0.281
0.303
0.296
0.404
0.310
0.312
0.307
0.288
0.289
0.292
0.274
0.299
0.389
0.319
0.297
0.300
0.345
0.298
0.316
0.328
0.408
0.264
0.300
0.308
0.293
0.304
0.774
0.291
0.309
0.303
0.315
0.379
0.276
0.329
0.340
0.304