0.0217
0.017
0.0189
0.0285
0.0201
0.0166
0.0193
0.0188
0.0171
0.0171
0.0167
0.016800000000000002
0.0156
0.016300000000000002
0.0177
0.0197
0.0182
0.0172
0.0166
0.0167
0.0162
0.016399999999999998
0.0171
0.0166
0.0165
0.0159
0.0161
0.018600000000000002
0.0166
0.0181
0.0237
0.0211
0.0166
0.016
0.0172
0.0171
0.017
0.0175
0.0172
0.0176
0.021
0.0161
0.0169
0.016300000000000002
0.0181
0.0167
0.0171
0.0171
0.0167
0.0166
0.0182
0.0176
0.0169
0.0166
0.016800000000000002
0.0178
0.0172
0.022
0.0269
0.016
0.0167
0.0171
0.0181
0.018699999999999998
0.0268
0.0171
0.0177
0.0275
0.016800000000000002
0.0174
0.0165
0.015300000000000001
0.0258
0.0156
0.0171
0.015300000000000001
0.0155
0.0165
0.0181
0.0176
0.021
0.0178
0.0188
0.028300000000000002
0.0222
0.0161
0.0156
0.0171
0.0171
0.0181
0.0167
0.0183
0.022
0.0201
0.0177
0.0182
0.0215
0.0175
0.0161
0.0159
0.016399999999999998
0.018
0.0155
0.016
0.019100000000000002
0.016
0.016300000000000002
0.0202
0.0179
0.0224
0.0293
0.0185
0.0183
0.016399999999999998
0.016399999999999998
0.016399999999999998
0.016300000000000002
0.0156
0.0188
0.0237
0.016
0.0158
0.0183
0.0167
0.019399999999999997
0.0174
0.018
0.0161
0.0173
0.0171
0.0162
0.0165
0.0182
0.0177
0.0184
0.0172
0.018
0.0193
0.0282
0.018
0.0162
0.0215
0.0166
0.0176
0.0169
0.0202
0.0174
0.0155
0.0161
0.0161
0.0165
0.0183
0.019600000000000003
0.0172
0.0222
0.0159
0.0172
0.0165
0.016
0.0181
0.018600000000000002
0.0165
0.014199999999999999
0.017
0.0162
0.0174
0.0172
0.017
0.019
0.0181
0.0166
0.022600000000000002
0.027399999999999997
0.0178
0.0179
0.0181
0.0195
0.0175
0.0176
0.0173
0.0176
0.0176
0.021
0.0174
0.0161
0.016300000000000002
0.0188
0.0177
0.0143
0.0205
0.0192
0.0166
0.0167
0.0171
0.0169
0.0197
0.0166
0.0155
0.0165
0.0176
0.0182
0.0173
0.0178
0.0183
0.0228
0.0189
0.0185
0.019399999999999997
0.0297
0.0233
0.0167
0.0184
0.0157
0.0211
0.017
0.0158
0.0189
0.0158
0.022
0.019100000000000002
0.0173
0.0176
0.017
0.0162
0.016300000000000002
0.016300000000000002
0.016399999999999998
0.0171
0.023
0.0189
0.017
0.0166
0.0179
0.0177
0.0172
0.0232
0.0182
0.016399999999999998
0.0167
0.0233
0.0172
0.0172
0.0192
0.0212
0.021
0.0185
0.018
0.0161
0.0171
0.0179
0.0166
0.0161
0.0169
0.0159
0.0216
0.017
0.0216
0.019
0.0188
0.0166
0.0193
0.0158
0.0161
0.0178
0.0193
0.0171
0.0176
0.016300000000000002
0.0169
0.0173
0.0173
0.017
0.019399999999999997
0.0166
0.018600000000000002
0.016399999999999998
0.0173
0.0192
0.0192
0.0177
0.0195
0.0176
0.0175
0.0348
0.0222
0.021
0.0363