0.14808509004069492
0.16474610602017492
0.1590421600267291
0.16030708397738636
0.16614265000680462
0.19893932802369818
0.15568794700084254
0.1926448250305839
0.18989785201847553
0.16402973199728876
0.21526278398232535
0.1866259389789775
0.17096183903049678
0.2431084329728037
0.6015967300045304
0.2616735060000792
0.2206946109654382
0.19845947995781898
0.18776533397613093
0.21911602799082175
0.19257865997496992
0.16619730804814026
0.16061740997247398
0.18643524002982304
0.17717164801433682
0.18456374399829656
0.2444611380342394
0.21046964899869636
0.23035152902593836
0.18931486597284675
0.2558070109807886
0.17718379601137713
0.21293291001347825
0.19386628497159109
0.23911295901052654
0.2577927900128998
0.20175646297866479
0.2391456050099805
0.16085685801226646
0.23050507600419223
0.14402191201224923
0.2377793260384351
0.18901868001557887
0.2226215080008842
0.18113110301783308
0.21137088199611753
0.22309396602213383
0.2520448619616218
0.17357713700039312
0.2505269090179354
0.26195367699256167
0.26849451201269403
0.3470549760386348
0.25499409798067063
0.20623118401272222
0.2017538389773108
0.2514343109796755
0.23352581402286887
0.2182235690415837
0.22020970901940018
0.2494659090298228
0.23523190699052066
0.1790128779830411
0.15753676998429
0.21947055298369378
0.23305317002814263
0.2475939600262791
0.25610533001599833
0.24190712202107534
0.21645092102698982
0.2662083790055476
0.2576251360005699
0.1690739140030928
0.1588050100253895
0.17917168501298875
0.17413360200589523
0.17939977697096765
0.19488041597651318
0.15057478699600324
0.1779880590038374
0.14276507700560614
0.17100904503604397
0.16655758395791054
0.15137803001562133
0.1569810039945878
0.16744978696806356
0.15010439098114148
0.1821778230369091
0.13321426697075367
0.15956892899703234
0.16412841901183128
0.1685548049863428
0.1379152070148848
0.15257819200633094
0.17449731100350618
0.18356066895648837
0.20265530701726675
0.3186917779967189
0.16265494003891945
0.27697027899557725
0.18204878096003085
0.19562525302171707
0.1523718109820038
0.17163068597437814
0.15326599200489
0.13963763799984008
0.19819263799581677
0.18740053102374077
0.16865696298191324
0.18946424801833928
0.1899777950020507
0.1633947600494139
0.17235505202552304
0.16504401102429256
0.16419841500464827
0.17509362200507894
0.1482850179891102
0.17171191895613447
0.1841877219849266
0.1703378339880146
0.17348420299822465
0.16270323301432654
0.1693374359747395
0.15985894901677966
0.20206506695831195
0.17481353599578142
0.17525158304488286
0.16770379402441904
0.1750264880247414
0.15913079399615526
0.18909045698819682
0.15167874400503933
0.18551814201055095
0.18861411703983322
0.19481405295664445
0.15043240395607427
0.17624625301687047
0.17565693001961336
0.18114913103636354
0.18945362098747864
0.1947427749983035
0.17611113900784403
0.19545061798999086
0.159433975990396
0.19033171399496496
0.17288183100754395
0.17010780301643535
0.1890644880477339
0.18455586198251694
0.17547611898044124
0.27510859695030376
0.3967376410146244
0.2644547939999029
0.2569042299874127
0.16780383000150323
0
0.14291463600238785
0.16046533500775695
0.14343175501562655
0.144285176997073
0.1419045979855582
0.14404837903566658
0.11914537398843095
0.11203358898637816
0.11623862496344373
0.12353901099413633
0.09910794498864561
0.11354194598970935
0.10128741199150681
0.15379706997191533
0.24923981801839545
0.4208418919588439
0.34531801799312234
0.16132344101788476
0.1534831749740988
0.18592832703143358
0.17991284403251484
0.1688065070193261
0.1825016610091552
0.17570410599000752
0.16001166496425867
0.16852797102183104
0.18405394500587136
0.1766336769796908
0.1638845249544829
0.1992868259549141
0.18626137200044468
0.1740738909575157
0.15189288998953998
0.16010066802846268
0.17023003898793831
0.15526014403440058
0.16898210003273562
0.18676751101156697
0.17968060600105673
0.18891841400181875
0.1653908760054037
0.18338703899644315
0.17317590897437185
0.19676101399818435
0.17060431197751313
0.1970178399933502
0.1621197410277091
0.14776912704110146
0.18658376496750861
0.1437610830180347
0.12832467496627942
0.18246485601412132
0.155431519029662
0.17466195399174467
0.16280977398855612
0.17970343603519723
0.178042441024445
0.1897336999536492
0.1576325159985572
0.21213781397091225
0.14847550500417128
0.1712928739725612
0.15863577800337225
0.1975481829722412
0.18154144304571673
0.1951102580060251
0.15486360399518162
0.178592958021909
0.18175021902425215
0.1879899239866063
0.16774374403757975
0.1982785169966519
0.1785426529822871
0.16886484198039398
0.1780247210408561
0.1968751280219294
0.19625447900034487
0.19121972395805642
0.3336469249916263
0.32322569604730234
0.2480764240026474
0.2070016840007156
0.19681143603520468
0.18069314496824518
0.19377659499878064
0.1927371309720911
0.17775715398602188
0.17397281900048256
0.17793780099600554
0.1390265529626049
0.18330659001367167
0.1703450829954818
0.2067896020016633
0.149938216956798
0.18286388798151165
0.18926753202686086
0.1591545270057395
0.16226535703754053
0.18068504700204358
0.18105382903013378
0.1549027769942768
0.1641796039766632
0.1705059109
0.14997771196067333
0.15591352997580543
0.12960335001116619
0.1791008499567397
0.13135614298516884
0.17119846999412403
0.16667159600183368
0.18255808803951368
0.165250533958897
0.19037063099676743
0.1794426660053432
0.20511165302013978
0.1513054000097327
0.17186597699765116
0.18565160100115463
0.17851274699205533
0.1767855910002254
0.16708693403052166
0.14322198298759758
0.18078577797859907
0.16782692802371457
0.17449906695401296
0.17251777299679816
0.1730929110199213
0.1417022930108942
0.20430614403449
0.1721046550082974
0.1960588059737347