0.245
0.200
0.231
0.199
0.987
0.228
0.224
0.724
0.217
0.231
0.207
0.195
0.191
0.231
0.206
0.258
0.203
0.209
0.192
0.261
0.215
0.218
0.244
0.190
0.200
0.198
0.213
0.229
0.889
0.218
0.279
0.214
0.224
0.213
0.203
0.227
0.211
0.386
0.213
0.229
0.184
0.202
0.203
0.219
0.201
0.216
0.171
0.199
0.160
0.208
0.252
0.266
0.239
0.214
0.209
0.195
0.231
0.202
0.173
0.193
0.206
0.209
0.217
0.229
0.239
0.250
0.208
0.200
0.180
0.190
0.181
0.194
0.195
0.231
0.204
0.247
0.190
0.185
0.213
0.255
0.199
0.206
0.208
0.220
0.207
0.189
0.216
0.210
0.205
0.212
0.214
0.226
0.181
0.199
0.261
0.206
0.194
0.203
0.197
0.230
0.208
0.215
0.201
0.208
0.254
0.177
0.198
0.228
0.200
0.185
0.201
0.206
0.186
0.220
0.189
0.193
0.242
0.221
0.200
0.202
0.209
0.220
0.205
0.212
0.209
0.252
0.193
0.357
0.228
0.210
0.230
0.198
0.192
0.206
0.253
0.774
0.264
0.218
0.195
0.203
0.198
0.188
0.208
0.220
0.233
0.200
0.212
0.217
0.220
0.288
0.210
0.217
0.189
0.254
0.270
0.216
0.245
0.197
0.204
0.191
0.190
0.171
0.203
0.197
0.205
0.176
0.180
0.214
0.226
0.189
0.186
0.182
0.219
0.207
0.236
0.202
0.210
0.199
0.215
0.178
0.204
0.204
0.222
0.237
0.193
0.184
0.221
0.205
0.204
0.204
0.212
0.216
0.202
0.213
0.207
0.246
0.199
0.208
0.227
0.225
0.198
0.213
0.213
0.234
0.199
0.695
0.192
0.199
0.224
0.219
0.204
0.209
0.204
0.211
0.200
0.208
0.198
0.252
0.215
0.213
0.222
0.255
0.235
0.217
0.348
0.264
0.216
0.200
0.240
0.215
0.227
0.345
0.243
0.200
0.210
0.206
0.245
0.534
0.211
0.186
0.200
0.224
0.209
0.220
0.186
0.193
0.598
0.184
0.214
0.204
0.214
0.193
0.202
0.231
0.204
0.474
0.210
0.208
0.216
0.197
0.206
0.211
0.195
0.195
0.462
0.190
0.217
0.230
0.207
0.204
0.208
0.257
0.218
0.199
0.221
0.215
0.202
0.195
0.212
0.208
0.202
0.243
0.264
0.206
0.199
0.443
0.210