0.04376401100307703
0.04618765402119607
0.04336601495742798
0.045434628962539136
0.045873643015511334
0.04392692190594971
0.043637899099849164
0.05291867989581078
0.048471992020495236
0.043248974019661546
0.04243274708278477
0.04519953497219831
0.046478600008413196
0.045326836057938635
0.044747484032996
0.047227354953065515
0.04392976104281843
0.04947462002746761
0.049206855008378625
0.04721457697451115
0.04354648990556598
0.042502135038375854
0.04427655693143606
0.045649265055544674
0.050046105054207146
0.04373423906508833
0.049604967003688216
0.048023273004218936
0.04600391292478889
0.05104674305766821
0.04288874100893736
0.04662023996934295
0.0550953809870407
0.04630741593427956
0.04529236303642392
0.05064231704454869
0.05003733292687684
0.051245470996946096
0.046898193075321615
0.04471522395033389
0.050893699983134866
0.050093894940800965
0.04303256899584085
0.04406833206303418
0.04996555799152702
0.04322640295140445
0.04664055700413883
0.060591274057514966
0.04567123902961612
0.04878029995597899
0.04996169207151979
0.05014893307816237
0.04774262604769319
0.04157505289185792
0.044455702998675406
0.044843106996268034
0.04841197200585157
0.04366132104769349
0.042677583056502044
0.042086364002898335
0.045473639969713986
0.059524120995774865
0.048230557003989816
0.044178653974086046
0.04955451807472855
0.047612706082873046
0.040785989025607705
0.04367579100653529
0.04313020291738212
0.044344957917928696
0.047127449070103467
0.049846278969198465
0.04495330003555864
0.048339946079067886
0.046422407031059265
0.04257134802173823
0.043960175942629576
0.04647604108322412
0.04199590801727027
0.04178636707365513
0.04802965698763728
0.0472914669662714
0.04332179808989167
0.04349289205856621
0.04067845200188458
0.043296342017129064
0.047153068939223886
0.04821708099916577
0.045857005985453725
0.04768938000779599
0.046223070938140154
0.045918351970613
0.041525701992213726
0.04722053895238787
0.04624468297697604
0.048724086955189705
0.042964120977558196
0.044702977989800274
0.0450385200092569
0.04864451999310404
0.04373653593938798
0.05044072400778532
0.04652498394716531
0.04796969599556178
0.0428486269665882
0.04805613495409489
0.048979001003317535
0.042721464997157454
0.047953027999028563
0.04356676805764437
0.046224975027143955
0.04909262002911419
0.04798021900933236
0.044759617070667446
0.04221528803464025
0.043690733960829675
0.046417206060141325
0.04990931903012097
0.0455924819689244
0.04447004501707852
0.04186442191712558
0.048498495016247034
0.046282283030450344
0.047426971956156194
0.046946650953032076
0.04252241807989776
0.04558421904221177
0.05118362698704004
0.040700117009691894
0.0428398079238832
0.04768960503861308
0.04478131595533341
0.046679239021614194
0.04609049705322832
0.04531506693456322
0.046254750923253596
0.04120386904105544
0.05529849196318537
0.04671969800256193
0.050849220948293805
0.045924014993943274
0.04434957297053188
0.05395742994733155
0.04807388398330659
0.04664713691454381
0.04317281604744494
0.04998939600773156
0.0427879550261423
0.055923050036653876
0.042877565952949226
0.04631880496162921
0.04425317491404712
0.0475601339712739
0.05217491998337209
0.04243926296476275
0.049105003010481596
0.04264286800753325
0.05214803002309054
0.048944249050691724
0.04146388010121882
0.04377400397788733
0.053133717039600015
0.046642321976833045
0.04552010202314705
0.052468560985289514
0.0482021999778226
0.044604454073123634
0.04675861808937043
0.04663530399557203
0.04946719401050359
0.04436652304138988
0.0461802160134539
0.05164568801410496
0.048106026952154934
0.04412758711259812
0.04748146911151707
0.045003186096437275
0.045149600016884506
0.042163636069744825
0.04865887598134577
0.04940464498940855
0.04265466402284801
0.04660836805123836
0.04474275605753064
0.04275715001858771
0.05162296409253031
0.04190177901182324
0.04885638
0.05106449802406132
0.05174417491070926
0.04261552600655705
0.04442053800448775
0.04616047604940832
0.04369136691093445
0.04348620295058936
0.04407734994310886
0.04583561304025352
0.047425322933122516
0.04382628097664565
0.047930167987942696
0.04756479791831225
0.046086885035037994
0.04864197096321732
0.049696578993462026
0.04899338795803487
0.0492898520315066
0.047355244983918965
0.04710886406246573
0.045712166000157595
0.05147954192943871
0.046499206917360425
0.058662800933234394
0.0516846589744091
0.04827944410499185
0.048225944978185
0.04614403797313571
0.04662828997243196
0.049625060986727476
0.04606459406204522
0.04306799406185746
0.051499199005775154
0.04810631007421762
0.049648341024294496
0.04381332697812468
0.0519968899898231
0.040993540082126856
0.04474027606192976
0.049850655952468514
0.04673512396402657
0.043856039992533624
0.04506389703601599
0.048602079041302204
0.
0.050160406972281635
0.04214824200607836
0.048944721929728985
0.04192936804611236
0.04100399499293417
0.04573010094463825
0.04456106596626341
0.043530991999432445
0.04502829001285136
0.04888859495986253
0.048918506945483387
0.04303421906661242
0.04565455997362733
0.04788499092683196
0.04691187897697091
0.046373556018806994
0.04472135205287486
0.049476078944280744
0.04674344300292432
0.041229805909097195
0.04448223498184234
0.044939677929505706
0.05135490000247955
0.04503382707480341
0.04300417494960129
0.057126462925225496
0.044662292930297554
0.048814426991157234
0.044079725979827344
0.04422753199469298
0.04361960699316114
0.04320969490800053
0.04984276706818491
0.04311557102482766
0.04942745703738183
0.04509741207584739
0.0461360439658165
0.043417772045359015
0.04247545707039535
0.04145918891299516
0.04958393203560263
0.04237273498438299
0.042054266086779535
0.044448590953834355
0.04363133595325053
0.047519191983155906
0.04616725898813456
0.0450475059915334
0.049681410077027977
0.044552303035743535
0.045317758922465146
0.04725042008794844
0.04301567
0.04218385089188814