0.824
0.866
0.859
0.806
1.269
0.817
0.810
1.041
0.838
0.800
0.802
1.303
0.780
0.804
0.799
0.809
0.815
0.807
0.790
1.094
0.788
0.805
0.796
0.849
0.828
0.883
0.798
0.824
1.070
0.825
0.800
0.788
0.835
0.853
0.803
0.849
0.811
0.814
0.777
0.800
0.817
0.797
0.799
0.802
0.804
0.811
0.797
0.841
0.812
0.803
0.791
0.882
0.841
0.846
0.819
0.941
0.880
0.861
0.856
0.838
0.791
0.824
0.778
0.552
0.796
0.813
0.812
0.778
0.784
0.815
0.770
0.760
0.660
0.800
0.774
0.763
0.804
0.799
0.785
0.813
0.782
0.812
0.798
0.881
0.766
0.794
0.829
0.794
0.822
0.828
0.814
0.792
0.794
0.831
0.830
0.790
0.861
0.875
0.801
0.827
0.796
0.833
0.793
0.775
0.802
0.814
0.499
0.722
0.780
0.783
0.816
0.773
0.822
0.810
0.734
0.778
0.782
0.829
0.753
0.840
0.819
0.777
0.821
0.786
0.801
0.895
0.811
0.775
0.818
0.853
0.826
0.820
0.854
0.801
0.823
1.065
0.836
0.836
0.792
0.779
0.832
0.828
0.778
0.791
0.859
0.773
0.779
0.853
0.800
0.877
0.835
0.813
0.835
0.808
0.838
0.851
0.881
0.511
0.510
0.815
0.792
0.811
0.840
0.774
0.822
0.852
0.870
0.828
0.770
0.877
0.825
0.792
0.782
0.773
0.867
0.856
0.787
0.771
0.789
0.816
0.799
0.805
0.842
1.044
0.799
0.829
0.845
0.791
0.808
0.800
0.794
0.796
0.795
0.787
0.781
0.872
0.836
0.814
0.760
0.860
0.813
0.848
0.856
0.814
0.809
1.021
0.803
0.809
0.840
0.788
0.802
0.830
0.780
0.796
0.783
1.009
0.822
0.760
0.808
0.825
0.740
0.853
0.612
0.804
0.829
0.859
0.799
0.810
0.830
0.782
0.831
0.777
0.851
0.776
0.856
0.822
0.838
0.763
0.772
0.766
0.765
0.815
0.839
0.799
0.774
0.768
1.002
0.785
0.811
0.806
0.767
0.790
0.817
0.821
0.766
0.782
0.781
0.801
0.805
0.776
0.811
0.787
0.815
0.785
0.859
0.784
0.820
0.792
0.776
0.784
0.594
0.568
0.510
0.492
0.504
0.500
0.488
0.512
0.527
0.504
0.483
0.536
0.561
0.478
0.511
0.496
0.482