0.284
0.302
0.330
0.327
0.386
0.339
0.269
0.982
0.255
0.265
0.343
0.377
0.287
0.396
0.313
0.276
0.292
0.251
0.443
0.380
0.289
0.287
0.270
0.293
0.299
0.276
0.295
0.301
0.331
0.276
0.269
0.263
0.328
0.298
0.279
0.316
0.432
0.317
0.273
0.299
0.279
0.277
0.240
1.214
0.346
0.327
0.575
0.254
0.295
0.272
0.284
0.367
0.273
0.293
0.350
0.235
1.276
0.296
0.264
0.249
0.356
0.276
0.281
0.265
0.317
0.262
0.341
0.264
1.140
0.275
0.289
0.259
0.272
0.295
0.287
0.282
0.262
0.267
0.257
0.315
0.284
0.262
0.281
0.309
0.298
0.267
0.293
0.275
0.278
0.255
0.285
0.966
0.263
0.265
0.321
0.283
0.268
0.331
0.290
0.325
0.274
0.240
0.273
0.294
0.321
0.289
0.275
0.287
0.278
0.279
0.267
0.266
1.224
0.267
0.246
0.258
0.260
0.279
0.268
0.279
0.255
0.281
0.319
0.286
0.935
0.317
0.263
0.294
0.280
0.276
0.311
0.262
0.288
0.273
0.300
1.083
0.329
0.266
0.262
0.256
0.284
0.274
0.376
0.263
0.271
0.273
0.284
0.679
0.314
0.365
0.269
0.302
0.284
0.284
0.312
0.245
0.354
1.122
0.257
0.230
0.247
0.247
0.247
0.251
0.249
0.243
0.249
0.299
0.251
0.249
0.242
0.233
0.242
0.266
0.245
0.244
0.252
0.236
0.229
0.242
0.645
0.274
0.253
0.284
0.239
0.234
0.268
0.252
0.237
0.245
0.839
0.238
0.242
0.245
0.246
0.286
0.255
0.239
0.217
0.298
0.241
1.327
0.248
0.273
0.238
0.280
0.241
0.237
0.235
0.242
0.263
0.241
0.967
0.235
0.243
0.241
0.241
0.243
0.233
0.254
0.216
0.290
0.777
0.242
0.241
0.285
0.240
0.229
0.310
0.245
0.244
0.255
0.264
0.251
0.229
0.251
0.384
0.243
0.245
1.179
0.254
0.256
0.243
0.325
0.264
0.224
0.640
0.251
0.243
0.304
0.329
0.236
0.236
0.251
0.311
0.313
0.295
0.239
0.242
0.325
0.330
0.257
0.261
0.280
0.250
0.256
0.252
0.258
0.319
0.309
0.321
0.317
0.243
0.250
0.272
0.254
0.246
0.262
0.262
0.263
0.264
0.277
0.303
0.201
0.252
0.241
0.247