0.0208
0.0197
0.018
0.0184
0.019899999999999998
0.018699999999999998
0.019100000000000002
0.0208
0.0192
0.0185
0.0182
0.018699999999999998
0.0184
0.0183
0.0169
0.0159
0.0206
0.0175
0.0213
0.0167
0.0212
0.0159
0.020300000000000002
0.0242
0.023600000000000003
0.0162
0.0154
0.0183
0.016300000000000002
0.0183
0.0182
0.0179
0.0197
0.019
0.0172
0.0178
0.0173
0.0166
0.019
0.019399999999999997
0.0205
0.0179
0.0178
0.0172
0.0167
0.0189
0.0169
0.017
0.016
0.018600000000000002
0.0222
0.0325
0.021
0.0178
0.019899999999999998
0.019600000000000003
0.0179
0.019899999999999998
0.019100000000000002
0.0169
0.019399999999999997
0.0179
0.0182
0.0215
0.0193
0.0179
0.018
0.0178
0.019100000000000002
0.0241
0.020399999999999998
0.0193
0.0172
0.0169
0.0173
0.0297
0.0233
0.0176
0.0183
0.018600000000000002
0.019399999999999997
0.0183
0.0178
0.0171
0.0171
0.0173
0.028
0.0179
0.0181
0.019100000000000002
0.018699999999999998
0.019100000000000002
0.0169
0.0179
0.019600000000000003
0.0198
0.0172
0.0189
0.0174
0.0184
0.0218
0.023899999999999998
0.0224
0.0273
0.018
0.0183
0.0219
0.018699999999999998
0.0205
0.0184
0.0172
0.0155
0.0183
0.0167
0.0184
0.0154
0.017
0.0172
0.0169
0.017
0.023100000000000002
0.0175
0.0219
0.019600000000000003
0.0156
0.0154
0.0165
0.0167
0.0154
0.0161
0.0165
0.028399999999999998
0.016300000000000002
0.0172
0.018699999999999998
0.016800000000000002
0.017
0.0171
0.019
0.0173
0.0165
0.017
0.0162
0.017
0.018600000000000002
0.0165
0.0165
0.0175
0.016300000000000002
0.0178
0.0175
0.018
0.0182
0.016800000000000002
0.016399999999999998
0.019600000000000003
0.0202
0.025
0.0215
0.024
0.0197
0.0222
0.0316
0.0188
0.0198
0.019
0.0201
0.0215
0.024300000000000002
0.0257
0.018600000000000002
0.0175
0.0172
0.030600000000000002
0.0174
0.0209
0.0183
0.016399999999999998
0.016399999999999998
0.0161
0.0169
0.033299999999999996
0.0181
0.018600000000000002
0.0209
0.024
0.0176
0.0174
0.0176
0.0174
0.0178
0.0181
0.0179
0.0181
0.016399999999999998
0.0215
0.0224
0.0181
0.0216
0.0235
0.0232
0.020300000000000002
0.018
0.0183
0.0219
0.025
0.0296
0.0183
0.0242
0.0249
0.0195
0.0177
0.0177
0.0176
0.0233
0.0212
0.020300000000000002
0.0178
0.0205
0.0233
0.0175
0.0182
0.0181
0.0181
0.0172
0.0158
0.0182
0.0172
0.018699999999999998
0.0213
0.020300000000000002
0.0195
0.018600000000000002
0.0183
0.0181
0.0177
0.027899999999999998
0.0179
0.021
0.0189
0.0254
0.0219
0.0195
0.0173
0.019899999999999998
0.018
0.018699999999999998
0.0193
0.0188
0.0175
0.0185
0.019899999999999998
0.018699999999999998
0.0172
0.0188
0.0177
0.0232
0.019600000000000003
0.0197
0.0182
0.019100000000000002
0.018600000000000002
0.0172
0.016399999999999998
0.0201
0.0253
0.015099999999999999
0.0152
0.0173
0.0165
0.0173
0.019
0.0183
0.0183
0.0209
0.0178
0.019100000000000002
0.0201
0.0188
0.0193
0.0177
0.0175
0.0172
0.0197
0.0184
0.0174
0.0225