person_290.png
349.92 151.58 391.72 186.00 0.98
person_and_bike_029.png
210.95 154.63 256.34 206.35 0.99
person_and_bike_153.png
416.67 143.16 451.00 181.98 0.99
person_188.png
430.40 190.95 462.97 223.72 0.99
275.80 176.19 303.56 201.47 0.99
363.63 186.91 386.35 211.80 0.94
229.52 186.28 254.35 208.29 0.99
11.80 191.56 28.81 208.13 0.91
crop001545.png
460.38 221.79 543.97 308.52 1.00
crop001531.png
313.62 225.76 355.43 276.51 0.99
person_135.png
273.44 159.13 307.48 197.39 0.98
212.06 151.58 242.99 193.63 0.99
330.07 142.83 360.09 178.84 0.98
crop001658.png
255.58 194.76 278.15 222.26 0.93
392.46 187.64 414.76 214.41 0.97
324.62 191.36 345.00 218.67 0.92
person_and_bike_107.png
211.39 44.20 277.84 110.76 0.86
person_and_bike_064.png
278.24 38.49 321.84 97.01 0.99
person_and_bike_165.png
265.79 40.74 308.23 92.12 0.99
person_and_bike_044.png
322.86 70.77 360.05 118.57 0.98
person_095.png
208.99 86.77 258.83 170.01 0.99
214.98 92.58 254.56 143.19 0.73
361.46 124.92 381.58 147.40 0.85
person_293.png
293.05 109.98 329.15 144.26 0.99
123.76 120.04 147.32 145.09 0.98
180.90 110.59 201.53 135.37 0.98
person_and_bike_181.png
338.48 186.51 368.27 220.71 0.98
277.43 186.29 306.30 219.03 0.99
529.59 80.17 546.92 97.64 0.86
120.25 209.28 134.34 225.69 0.91
person_and_bike_079.png
314.78 54.13 360.86 106.66 0.98
person_134.png
259.99 117.20 305.54 172.66 0.99
348.49 112.74 396.54 164.98 0.99
494.37 95.06 511.27 112.80 0.93
427.71 90.90 444.91 107.71 0.93
99.58 106.13 111.68 118.01 0.81
crop001604.png
341.73 212.80 384.97 256.14 0.98
person_092.png
211.72 116.64 300.91 178.67 0.85
248.09 126.10 300.08 181.16 0.97
206.44 105.91 252.57 161.47 0.80
crop001638.png
843.36 282.03 905.70 351.13 0.98
483.70 317.04 551.08 379.78 0.99
648.14 276.90 702.97 337.44 0.98
person_and_bike_113.png
273.58 6.07 328.18 74.98 0.98
person_336.png
389.68 102.36 429.45 142.51 0.99
315.22 128.42 349.60 163.69 0.99
95.04 130.21 106.15 143.40 0.78
crop001544.png
406.87 261.82 483.40 358.85 0.96
281.94 228.38 345.50 296.76 0.98
person_212.png
crop001631.png
304.59 265.34 331.95 295.85 0.99
220.96 275.06 247.94 303.96 0.94
person_104.png
307.87 208.44 353.91 254.93 0.99
199.22 200.34 243.08 240.48 0.99
person_and_bike_072.png
418.97 53.04 455.92 101.36 0.99
crop001520.png
532.77 226.52 613.22 314.54 0.98
305.86 260.69 382.30 330.81 0.99
crop001682.png
231.47 178.18 273.36 225.22 0.98
310.34 192.89 350.50 241.26 0.98
806.04 173.53 847.40 219.54 0.97
588.24 160.98 626.22 209.80 0.91
727.47 167.86 755.71 197.53 0.95
person_and_bike_073.png
245.63 48.72 288.31 110.11 0.99
person_and_bike_085.png
315.43 63.46 365.70 129.71 0.98
person_009.png
232.91 82.02 299.31 150.18 0.83
crop001684.png
273.00 100.72 289.61 117.22 0.95
person_218.png
264.23 106.47 309.72 160.28 0.99
350.69 131.02 388.44 171.53 0.97
person_and_bike_100.png
308.27 13.80 363.14 73.91 0.97
crop001659.png
671.64 230.12 699.50 262.76 0.98
crop_000001.png
231.18 63.02 293.82 140.88 0.95
crop_000018.png
262.62 68.15 329.10 143.45 0.97
person_and_bike_088.png
336.31 51.31 379.90 107.23 0.99
person_and_bike_093.png
297.39 43.57 341.02 96.51 0.99
person_and_bike_140.png
273.21 146.05 309.56 179.89 0.98
person_and_bike_057.png
269.53 47.09 314.00 100.93 0.99
crop_000008.png
503.10 63.68 577.60 162.70 0.99
person_and_bike_061.png
296.01 53.47 348.46 109.58 0.99
person_and_bike_126.png
386.09 142.88 426.52 185.88 0.99
312.66 147.56 348.57 185.86 0.99
130.78 139.60 156.35 164.73 0.99
536.60 150.39 548.69 162.22 0.90
person_034.png
173.36 50.49 234.14 133.70 0.98
person_013.png
236.37 223.69 292.35 274.08 0.97
person_and_bike_055.png
270.41 63.78 311.14 114.72 0.98
crop001504.png
354.78 282.67 379.02 303.06 0.99
283.91 281.92 303.79 305.78 0.91
person_132.png
397.00 183.65 423.51 210.91 0.98
468.17 181.49 493.73 203.65 0.99
104.71 209.22 123.53 230.26 0.94
307.90 187.62 328.48 206.68 0.98
215.12 185.77 234.12 205.61 0.98
251.45 184.07 269.56 202.63 0.93
person_071.png
241.48 73.84 288.37 132.98 0.99
crop001633.png
385.93 313.97 431.38 359.04 0.99
934.37 300.19 975.00 344.61 0.98
843.19 383.96 878.78 424.73 0.95
person_and_bike_035.png
196.08 144.36 235.23 182.54 0.99
273.30 137.54 307.49 175.57 0.99
person_317.png
212.81 161.00 252.70 201.24 0.99
333.86 149.35 370.15 182.20 0.98
person_and_bike_062.png
294.83 42.21 338.33 99.57 0.99
crop_000015.png
324.88 125.91 383.05 189.80 0.90
person_062.png
417.97 155.95 456.47 197.25 0.99
person_065.png
296.62 124.43 344.32 173.48 0.98
person_127.png
360.52 76.08 402.90 127.74 0.99
269.21 116.29 310.71 157.72 0.97
crop_000005.png
199.69 72.95 235.09 104.35 0.99
76.50 60.11 109.30 90.86 0.98
person_051.png
318.74 105.72 370.30 159.15 0.96
person_and_bike_110.png
305.92 0.00 351.20 57.79 0.96
person_and_bike_161.png
288.13 54.85 333.76 110.87 0.99
person_and_bike_177.png
161.09 128.35 209.96 196.30 0.98
crop001670.png
292.27 224.33 351.75 297.39 0.85
787.56 236.42 845.90 303.23 0.96
608.49 254.89 658.22 309.24 0.98
196.11 238.70 246.93 288.53 0.81
449.33 253.16 498.76 302.84 0.98
person_and_bike_043.png
332.03 38.09 372.59 90.49 0.98
crop001723.png
553.90 164.17 591.33 208.24 0.72
person_272.png
87.50 67.31 138.57 131.33 0.99
216.93 60.56 265.53 125.23 0.97
475.12 43.23 522.35 108.71 0.97
340.00 46.52 386.34 112.07 0.98
person_263.png
216.23 129.09 262.19 175.04 0.99
102.69 129.20 140.55 175.03 0.98
306.88 135.77 344.50 180.48 0.96
371.79 156.47 403.57 189.33 0.95
23.84 189.23 46.83 212.54 0.93
crop001514.png
589.96 261.90 637.24 308.37 0.96
413.92 256.39 452.04 298.41 0.93
328.44 235.74 361.51 271.10 0.87
person_and_bike_160.png
326.58 37.95 378.49 104.95 0.98
person_and_bike_047.png
321.67 61.25 365.60 117.69 0.99
person_and_bike_098.png
200.98 8.26 261.19 78.42 0.91
person_204.png
362.25 104.26 405.52 152.52 0.99
584.35 129.92 624.14 169.08 0.94
266.42 158.83 302.61 199.92 0.92
119.99 72.17 154.06 110.56 0.96
524.91 97.53 547.72 121.07 0.99
person_and_bike_050.png
348.85 32.01 398.97 83.43 0.99
person_040.png
193.69 151.58 238.31 190.37 0.99
person_026.png
243.84 52.89 306.49 148.13 0.83
person_303.png
271.28 152.18 319.39 204.12 0.96
145.68 117.03 178.97 182.06 0.73
374.33 129.76 419.46 177.00 0.98
141.80 121.34 171.98 160.97 0.92
212.36 126.21 244.90 161.63 0.96
159.20 149.59 188.63 185.12 0.93
499.60 123.28 523.66 151.55 0.96
person_070.png
242.73 141.38 288.22 187.56 0.99
crop001706.png
802.24 107.66 883.90 211.74 0.98
person_and_bike_163.png
221.03 43.37 272.32 103.36 0.99
person_038.png
244.14 200.08 294.62 261.88 0.99
person_053.png
327.65 121.19 367.30 165.78 0.96
crop001549.png
561.36 250.87 600.49 292.11 0.98
person_200.png
262.69 196.45 293.90 225.28 0.97
373.27 213.59 404.72 239.97 0.82
313.41 198.42 340.78 225.33 0.97
427.18 192.11 451.05 217.40 0.88
86.68 219.03 107.98 240.85 0.98
233.06 199.48 251.43 223.90 0.83
205.19 203.55 225.67 223.85 0.93
611.73 199.57 630.87 218.02 0.72
495.74 217.13 511.85 234.15 0.95
530.10 200.79 546.73 216.21 0.92
574.01 202.51 588.04 220.17 0.90
person_and_bike_092.png
307.60 27.90 364.35 99.44 0.98
crop_000016.png
626.26 89.32 690.59 168.20 0.99
person_and_bike_027.png
320.73 142.41 347.06 169.00 0.92
262.94 121.86 285.37 147.75 0.98
person_and_bike_067.png
283.99 52.08 325.09 106.75 0.98
person_007.png
181.66 103.29 241.27 169.62 0.99
person_350.png
85.51 77.55 133.74 126.76 0.90
170.92 81.59 218.64 131.22 0.97
514.84 110.25 553.20 153.74 0.94
person_and_bike_133.png
361.98 148.89 403.42 193.48 0.97
285.59 116.06 323.77 164.17 0.99
person_063.png
335.22 174.10 372.80 213.51 0.98
person_189.png
286.42 120.07 330.61 163.58 0.99
377.94 130.78 421.33 174.45 0.99
crop001676.png
657.51 382.79 711.42 447.00 0.99
240.06 204.25 294.77 266.06 0.97
832.54 434.34 882.31 501.35 0.96
287.26 402.65 342.66 452.64 0.83
969.94 481.67 1011.17 533.51 0.89
person_and_bike_049.png
320.40 38.56 365.59 93.23 0.98
person_207.png
439.34 181.57 469.75 215.66 0.99
594.32 167.63 618.74 194.50 0.77
324.98 171.10 347.90 197.56 0.97
203.93 173.85 222.33 193.16 0.93
crop001725.png
208.12 207.61 237.31 237.96 0.98
person_and_bike_087.png
352.08 26.03 399.59 85.94 0.98
crop001704.png
526.99 286.19 579.34 352.12 0.86
162.77 320.08 216.50 381.79 0.93
crop001555.png
457.71 356.82 497.21 398.86 0.85
318.98 348.95 352.17 394.80 0.93
185.58 179.68 216.70 217.38 0.96
751.06 356.76 781.40 386.17 0.95
person_and_bike_065.png
245.54 40.60 287.13 93.53 0.98
person_198.png
241.56 89.31 297.80 153.86 1.00
359.52 110.19 408.27 164.72 1.00
1.21 100.39 19.96 118.62 0.75
person_033.png
230.88 121.03 295.70 199.80 0.98
crop001715.png
429.14 262.39 482.25 324.57 0.98
505.16 219.19 555.36 281.86 0.97
person_and_bike_159.png
286.67 54.56 331.83 100.43 0.99
person_120.png
188.82 188.60 237.16 223.12 0.97
267.39 165.76 301.55 204.51 0.97
person_058.png
318.04 127.30 353.88 168.41 0.98
person_and_bike_136.png
409.00 153.78 439.24 187.21 0.95
350.08 162.65 376.24 195.57 0.96
140.61 169.39 164.57 200.41 0.97
222.94 174.89 249.53 202.57 0.97
84.29 187.12 103.16 206.86 0.89
person_087.png
251.73 180.71 301.58 232.29 0.96
person_039.png
211.56 232.38 237.03 255.71 0.99
person_337.png
327.64 182.93 363.10 211.82 0.95
205.69 147.37 234.14 178.08 0.99
323.61 152.73 348.65 182.45 0.82
285.72 152.66 308.95 179.70 0.84
91.44 141.17 114.26 163.69 0.99
158.85 167.47 178.38 186.81 0.86
person_and_bike_099.png
252.15 10.37 298.00 44.66 0.84
person_248.png
298.95 125.68 343.55 169.06 0.99
411.43 166.20 452.50 205.65 0.99
crop_000604.png
174.05 71.69 207.98 110.45 0.85
324.89 43.52 355.85 80.28 0.98
100.82 58.63 130.46 88.72 0.97
person_and_bike_105.png
290.88 43.21 338.80 96.89 0.98
person_316.png
334.77 193.58 367.51 234.70 0.95
294.63 213.51 328.54 250.99 0.97
crop001654.png
303.07 212.42 393.36 297.45 0.99
person_098.png
95.31 126.68 150.77 192.78 0.95
350.12 93.22 403.33 155.89 0.99
172.75 146.17 230.96 201.05 0.98
person_100.png
186.25 217.94 223.92 255.86 0.99
346.76 229.15 378.36 262.31 0.99
person_314.png
521.51 112.27 562.63 156.95 0.97
199.17 132.89 234.99 173.57 0.98
person_347.png
287.04 115.95 328.83 157.11 1.00
456.11 168.52 486.30 200.18 0.96
crop001634.png
267.09 171.46 306.75 214.84 1.00
person_164.png
278.25 150.91 308.28 187.78 0.98
crop001511.png
341.17 262.04 411.94 332.32 0.98
crop001573.png
255.90 273.91 300.30 324.26 0.99
826.21 272.11 864.70 320.04 0.96
614.82 260.10 652.19 307.88 0.96
342.56 293.10 380.56 333.92 0.95
532.60 270.55 566.91 312.18 0.96
person_030.png
189.85 51.98 250.94 149.19 0.92
person_and_bike_094.png
284.14 49.77 328.85 103.16 0.98
person_073.png
328.08 204.45 356.28 228.77 0.98
crop001566.png
147.86 131.45 188.89 191.40 0.98
259.71 295.47 282.72 321.92 0.93
crop_000024.png
247.01 114.39 296.15 191.99 0.98
person_and_bike_042.png
335.72 52.43 377.81 102.78 0.98
crop_000003.png
364.47 44.69 407.51 96.27 0.99
person_088.png
201.32 125.30 260.60 178.79 0.99
363.53 137.08 395.20 169.69 0.94
290.65 131.63 318.27 163.92 0.87
421.91 147.65 449.18 175.44 0.88
crop_000023.png
525.26 89.50 576.96 146.99 0.99
crop_000002.png
155.64 78.52 195.83 128.35 0.97
crop001607.png
221.29 154.62 266.72 203.60 0.99
327.61 166.42 371.92 212.46 0.96
710.17 146.73 745.07 184.36 0.89
643.80 138.33 676.46 173.29 0.88
828.07 140.98 862.98 172.26 0.97
435.46 152.38 467.57 186.38 0.97
526.58 128.14 555.48 160.12 0.98
person_and_bike_052.png
300.83 35.82 345.45 96.17 0.99
person_and_bike_114.png
292.81 51.78 338.24 101.98 0.99
person_222.png
187.27 83.41 245.26 140.81 0.98
416.57 71.81 472.25 118.98 0.98
340.97 86.94 383.54 117.91 0.92
person_064.png
289.47 132.19 332.77 182.31 0.99
person_246.png
235.98 28.20 287.40 90.07 0.98
318.99 83.13 368.12 140.51 0.98
person_and_bike_069.png
317.56 39.04 365.06 102.13 0.98
person_265.png
116.75 74.95 154.68 119.16 0.99
325.53 192.78 362.86 233.38 0.98
415.00 166.00 453.42 204.30 0.98
515.69 177.38 547.08 215.78 0.99
person_and_bike_089.png
260.98 50.48 305.95 88.64 0.98
person_and_bike_071.png
283.20 52.32 328.31 109.81 0.99
person_085.png
319.78 146.99 381.19 208.02 0.98
159.89 177.60 210.26 234.01 0.99
person_and_bike_053.png
293.42 21.94 338.68 81.16 0.98
crop_000007.png
633.37 118.96 689.07 185.04 0.98
crop001639.png
835.91 207.53 917.42 299.01 0.99
171.52 225.69 250.24 314.83 0.98
600.38 175.49 665.56 259.51 0.96
person_and_bike_051.png
311.56 81.90 349.67 130.65 0.99
person_075.png
290.70 183.42 314.52 205.48 1.00
person_099.png
239.53 122.73 297.93 185.45 0.99
crop001602.png
340.35 344.34 397.93 413.64 0.99
crop001722.png
183.10 347.84 257.41 432.20 0.99
295.99 277.44 359.49 360.34 0.97
person_186.png
273.39 172.08 311.81 207.94 0.99
360.19 166.76 393.39 199.40 0.99
crop001661.png
475.37 241.32 513.22 292.06 0.97
person_249.png
243.45 184.73 278.85 223.59 0.98
478.27 166.43 511.57 203.79 0.99
432.90 169.72 466.66 205.91 0.98
293.08 180.05 323.73 217.46 0.95
person_and_bike_006.png
225.89 64.80 278.37 124.70 0.98
person_247.png
341.69 149.07 376.94 184.91 0.99
272.40 151.31 305.47 187.84 0.98
person_015.png
227.31 194.10 254.78 227.29 0.97
person_and_bike_063.png
308.61 39.71 349.10 99.94 0.99
crop001522.png
577.27 209.64 668.69 291.37 0.99
person_and_bike_162.png
268.21 51.96 313.48 97.24 0.99
person_230.png
439.05 128.52 488.37 179.45 0.99
286.73 126.21 329.80 172.13 0.99
171.65 138.84 199.18 165.22 0.99
121.39 154.18 136.04 169.24 0.79
person_191.png
422.03 176.16 452.29 212.94 0.97
494.29 176.28 520.68 208.71 0.95
354.52 184.46 380.14 212.81 0.98
228.86 174.87 250.15 195.93 0.99
192.51 179.91 213.32 199.90 0.98
274.68 200.89 292.06 220.03 0.93
person_138.png
505.97 32.42 548.32 101.39 1.00
226.49 71.27 271.23 130.94 0.99
358.38 63.10 400.25 116.88 0.99
person_and_bike_059.png
297.74 56.88 342.17 110.21 0.99
person_and_bike_141.png
251.43 52.40 299.10 109.04 0.99
person_and_bike_190.png
312.36 129.21 351.01 172.13 0.99
235.07 147.41 268.12 176.44 0.99
person_056.png
326.32 72.63 379.45 123.74 0.99
crop001574.png
person_and_bike_004.png
189.94 14.29 264.24 120.23 0.86
person_036.png
254.64 80.58 308.12 148.04 0.97
person_and_bike_045.png
232.15 38.23 281.08 99.23 0.98
person_029.png
129.07 84.17 190.89 166.37 0.97
person_and_bike_149.png
241.26 181.58 277.55 222.07 0.96
184.66 138.19 215.29 179.00 0.86
person_and_bike_101.png
334.14 51.64 389.53 104.71 0.97
crop001724.png
86.62 155.63 128.67 191.70 0.91
239.31 155.22 262.32 183.17 0.97
person_052.png
308.08 110.08 358.87 160.04 0.99
person_and_bike_112.png
313.94 4.29 379.52 76.99 0.98
person_and_bike_048.png
239.85 50.99 284.32 107.18 0.99
person_210.png
278.13 153.91 314.42 195.57 0.98
354.74 148.22 390.99 187.62 0.99
crop_000021.png
351.29 52.30 407.77 119.11 0.97
person_105.png
151.54 120.78 201.87 171.52 0.98
266.30 126.45 309.87 170.93 1.00
person_032.png
203.26 55.40 267.28 134.87 0.96
crop001718.png
854.04 401.76 895.54 451.53 0.98
655.72 380.00 695.89 424.17 0.94
535.68 363.25 570.69 399.65 0.91
935.86 390.94 963.36 420.59 0.90
person_318.png
240.22 108.62 274.60 147.29 1.00
322.73 122.62 353.06 156.12 0.99
person_093.png
160.51 132.73 216.45 196.04 0.99
289.03 136.09 346.87 192.71 1.00
person_306.png
265.76 146.26 306.46 186.74 0.99
188.14 137.09 224.83 181.83 0.98
287.99 120.83 304.36 140.16 0.76
431.87 167.87 445.00 183.07 0.93
person_and_bike_060.png
273.54 32.88 316.12 86.86 0.99
person_and_bike_109.png
189.44 43.08 237.95 95.37 0.99
person_and_bike_046.png
262.26 51.60 305.97 103.01 0.99
person_and_bike_054.png
261.28 50.84 307.53 108.01 0.99
person_and_bike_095.png
234.37 57.68 284.41 113.71 0.99
crop_000026.png
766.39 99.19 822.76 174.78 0.97
555.97 177.64 601.79 232.58 0.99
390.28 156.83 430.81 206.96 0.97
185.03 277.98 222.08 321.18 0.97
person_and_bike_066.png
283.61 40.68 331.34 99.43 1.00
person_and_bike_082.png
341.01 31.86 384.39 86.12 0.98
crop_000017.png
604.30 78.25 673.84 162.01 0.98
crop001664.png
person_096.png
233.08 98.32 294.98 171.99 0.98
393.62 41.72 423.06 74.29 0.85
350.49 70.46 377.13 99.21 0.90
person_and_bike_104.png
270.74 71.80 323.75 129.75 0.91
person_and_bike_076.png
336.29 40.59 375.11 93.30 0.98
172.31 24.86 207.11 63.52 0.97
crop001521.png
391.24 183.21 416.90 210.26 0.95
277.05 185.31 302.65 211.79 0.87
567.05 178.58 590.68 205.83 0.94
person_055.png
298.67 145.93 348.52 200.08 0.99
crop001501.png
844.87 181.72 865.76 204.17 0.85
269.18 151.58 289.12 173.72 0.96
238.76 361.22 255.16 378.60 0.96
person_255.png
419.78 160.77 451.53 191.87 0.99
245.64 147.95 273.51 176.32 0.98
person_and_bike_096.png
247.23 44.16 291.62 95.07 0.99
person_and_bike_077.png
408.84 24.35 446.30 76.76 0.98
person_059.png
302.56 128.65 367.95 196.68 0.98
person_and_bike_028.png
285.29 140.98 332.12 188.53 0.99
484.52 117.63 501.97 136.46 0.99
453.18 127.10 466.80 141.62 0.86
person_and_bike_084.png
343.44 54.75 393.69 115.68 0.98
person_and_bike_102.png
282.41 45.40 333.04 101.24 1.00
person_and_bike_189.png
273.39 96.20 320.29 153.45 0.99
person_190.png
390.88 123.99 425.79 172.81 0.84
273.19 142.35 309.76 178.40 0.97
152.63 128.04 187.48 165.45 0.99
468.21 119.24 499.96 153.45 0.98
person_282.png
283.20 133.96 322.05 179.86 0.99
102.07 139.52 113.82 152.81 0.97
person_and_bike_111.png
323.91 23.25 364.83 76.62 0.98
person_115.png
98.28 80.30 146.68 153.02 0.98
172.41 105.14 224.40 162.94 0.97
281.77 134.98 328.82 190.85 0.98
person_and_bike_070.png
267.96 55.74 310.34 108.26 0.99
person_090.png
229.52 168.66 289.59 222.49 0.99
322.60 194.17 340.35 214.47 0.73
crop_000013.png
255.92 120.60 318.60 203.84 0.97
crop001641.png
333.63 215.42 414.74 290.77 0.98
640.43 231.72 711.63 307.38 0.98
person_and_bike_097.png
305.95 26.71 367.00 89.22 0.98
person_216.png
363.53 132.03 405.23 176.87 0.99
239.89 135.91 274.81 171.21 0.98
person_and_bike_091.png
303.83 33.29 360.23 107.05 0.97
crop001653.png
351.73 202.03 395.87 245.56 0.98
person_and_bike_081.png
324.36 38.75 373.53 102.18 0.98
person_122.png
224.16 228.56 255.36 260.32 0.99
crop001546.png
459.78 219.22 533.79 295.14 0.96
person_094.png
237.32 122.01 291.36 181.15 0.98
person_251.png
251.08 79.86 297.45 130.80 0.99
369.30 76.32 412.50 127.20 0.98
481.28 92.56 511.25 124.74 0.98
person_193.png
204.40 145.53 243.56 187.35 0.98
347.08 161.81 379.02 195.01 0.99
578.18 162.72 596.97 182.63 0.97
443.53 191.47 458.93 210.48 0.94
crop001688.png
647.48 185.59 725.81 288.72 0.99
980.18 298.64 1014.40 345.16 0.92
person_107.png
285.45 113.27 343.73 183.90 0.99
105.86 187.06 160.17 253.65 0.99
person_206.png
325.23 175.21 369.50 218.37 0.98
person_and_bike_086.png
332.53 57.63 378.96 101.32 0.99
crop001512.png
885.78 280.02 954.25 353.36 0.99
565.28 285.37 613.52 349.81 0.98
357.02 262.39 401.85 313.66 0.98
person_028.png
188.20 69.08 260.08 157.31 0.92
person_014.png
212.38 116.23 275.42 184.95 0.98
46.34 112.91 61.81 129.53 0.91
person_and_bike_103.png
396.35 36.96 451.85 100.36 0.97
person_010.png
232.15 154.29 286.20 215.77 0.99
53.80 237.89 76.38 258.52 0.96
person_037.png
249.43 234.04 290.64 277.75 0.99
person_118.png
207.52 209.25 233.25 237.61 0.98
155.37 217.85 181.07 243.97 0.98
person_325.png
173.03 117.90 218.24 156.09 0.97
253.24 112.80 293.01 154.29 0.99
person_194.png
362.46 181.77 389.27 207.68 0.97
276.94 188.54 302.69 214.10 0.98
417.90 182.95 441.13 208.72 0.97
327.36 202.50 348.36 223.94 0.83
crop_000027.png
467.63 49.53 549.83 138.10 0.99
125.62 45.60 189.55 120.90 0.98
crop_000020.png
292.25 71.15 347.63 130.15 0.99
person_137.png
391.12 119.72 426.36 158.70 0.97
323.38 92.02 356.83 125.68 0.99
132.86 68.09 161.33 103.92 0.75
170.28 106.80 197.74 134.96 0.97
225.68 91.15 249.93 120.99 0.97
person_280.png
285.98 162.39 317.86 196.76 0.99
348.58 151.56 377.55 179.37 0.97
502.50 154.36 520.31 180.30 0.93
474.13 166.38 490.48 186.10 0.95
person_076.png
297.87 129.24 351.71 189.40 1.00
crop_000006.png
225.19 78.43 278.76 171.31 0.99
person_and_bike_108.png
193.48 0.00 249.80 47.63 0.74
person_250.png
246.90 96.78 298.01 149.17 0.97
150.46 102.86 196.85 147.00 0.99
286.17 94.36 328.52 141.87 0.88
405.79 94.29 454.15 134.16 0.84
366.80 89.78 406.48 136.98 0.90
crop001593.png
642.45 232.17 676.36 264.38 0.81
343.38 234.16 369.16 271.07 0.95
418.83 223.56 449.52 252.79 0.96
270.08 249.47 291.53 277.41 0.97
person_323.png
298.10 105.63 343.81 157.67 0.99
180.08 77.70 216.87 118.07 0.99
person_and_bike_188.png
354.01 187.48 377.54 210.57 0.99
301.40 188.37 316.34 201.49 0.96
person_and_bike_058.png
205.39 48.48 252.99 101.67 0.99
person_and_bike_083.png
271.97 34.84 320.78 101.93 0.99
crop_000009.png
360.06 66.78 435.68 161.39 0.98
person_315.png
345.82 202.67 383.21 236.98 0.98
533.79 182.52 549.59 206.22 0.88
497.06 195.22 515.29 215.24 0.97
person_011.png
203.18 153.73 252.00 203.90 0.99
crop_000012.png
226.32 154.49 282.20 221.44 0.99
person_and_bike_012.png
248.03 89.53 301.31 142.01 0.99
357.35 70.92 407.23 126.03 0.99
21.94 72.46 42.90 93.58 0.97
person_008.png
196.69 119.45 268.19 177.75 0.98
person_and_bike_056.png
344.69 38.19 386.77 95.95 0.98
person_236.png
335.28 143.02 367.40 176.14 0.99
548.62 154.75 576.41 181.04 0.96
225.10 156.81 251.96 182.01 0.97
524.24 147.40 549.37 173.23 0.80
116.05 145.59 138.61 171.81 0.98
460.09 164.58 483.89 188.84 0.99
160.08 186.41 182.74 209.01 0.96
110.84 209.64 129.08 229.29 0.93
crop001716.png
242.15 258.63 283.97 306.28 0.97
89.48 244.55 127.79 289.19 0.97
crop_000019.png
490.75 81.15 557.77 166.88 0.99
person_136.png
260.28 146.47 289.16 189.59 0.98
342.10 130.21 371.93 170.74 0.96
person_and_bike_038.png
533.60 122.57 575.42 159.76 0.98
333.09 128.65 361.24 160.94 0.99
290.38 125.64 311.30 153.35 0.84
99.82 129.49 122.33 154.65 0.99
person_and_bike_080.png
425.80 35.70 473.55 100.59 0.99
crop001719.png
411.77 381.20 457.99 435.51 0.93
890.41 449.04 932.83 501.15 0.86
485.26 374.68 523.81 431.52 0.98
959.39 450.66 1000.89 499.66 0.83
781.89 420.69 823.00 466.28 0.97
crop_000025.png
389.45 81.41 450.18 159.24 0.98
person_and_bike_090.png
165.26 59.56 210.41 111.58 0.99
crop001683.png
360.74 152.47 399.24 200.83 0.98
277.11 182.40 313.24 228.19 0.97
person_159.png
392.54 182.98 419.18 209.53 0.98
330.60 160.65 349.60 184.56 0.96
226.02 187.50 244.70 210.13 0.98
469.61 171.36 488.63 190.43 0.97
279.85 180.06 296.64 200.50 0.89
person_and_bike_164.png
277.82 39.37 325.04 97.26 0.98
person_335.png
292.40 162.25 327.23 191.05 0.99
189.73 148.19 207.86 170.20 0.91
crop001533.png
645.55 373.45 689.42 410.66 0.80
783.63 329.94 819.47 375.38 0.99
235.40 345.67 263.60 376.97 0.98
421.45 343.60 451.63 370.00 0.85
person_and_bike_014.png
361.19 69.21 402.69 119.03 0.99
241.64 179.46 268.76 209.29 0.92
556.04 98.27 570.43 114.56 0.96
person_217.png
264.25 214.28 297.23 245.81 0.99
252.96 177.52 285.62 207.50 0.83
456.24 186.59 483.74 216.76 0.99
65.25 194.93 92.75 223.52 0.99
384.84 191.75 410.25 218.58 0.98
178.88 201.72 201.98 226.78 0.97
crop001660.png
358.55 316.05 401.42 371.28 0.99
crop001590.png
803.72 141.15 884.67 253.52 0.99
crop_000004.png
178.08 58.77 206.46 97.98 0.98
person_012.png
225.79 196.65 268.52 246.23 0.99
person_161.png
307.84 99.78 356.02 151.93 0.99
384.26 115.72 403.47 135.35 0.93
438.48 128.75 454.17 148.81 0.74
person_and_bike_106.png
247.95 51.75 298.08 110.84 0.93