crop_000001.png
230 65 286 147 0.94371516
crop_000002.png
159 80 195 136 0.96900463
crop_000003.png
318 91 360 120 0.37508634
366 41 406 98 0.6469184
crop_000004.png
179 56 205 100 0.9116749
crop_000005.png
211 77 224 99 0.4431938
77 63 107 85 0.82699734
202 76 232 100 0.909865
crop_000006.png
226 90 281 168 0.8542931
crop_000007.png
644 112 678 176 0.32639122
630 122 689 189 0.5226643
crop_000008.png
505 56 577 174 0.92541915
crop_000009.png
363 65 430 162 0.8759619
crop_000012.png
230 145 278 230 0.7731231
crop_000013.png
259 120 320 199 0.8840956
crop_000015.png
307 116 388 192 0.73126656
crop_000016.png
630 92 689 160 0.66708916
crop_000017.png
603 67 673 164 0.50165236
crop_000018.png
crop_000019.png
497 75 564 176 0.86717826
crop_000020.png
302 64 340 137 0.85867524
crop_000021.png
346 50 407 127 0.8474892
crop_000023.png
532 88 567 145 0.89010954
crop_000024.png
245 114 297 188 0.7884222
crop_000025.png
403 84 435 155 0.500893
383 90 454 155 0.837833
crop_000026.png
768 97 814 168 0.4722718
391 161 425 200 0.8583985
559 172 593 238 0.86388665
crop_000027.png
132 38 191 132 0.9226675
470 54 546 139 0.96322846
crop_000604.png
326 44 354 69 0.6919018
103 61 128 84 0.8770519
crop001501.png
578 319 593 338 0.3397568
841 177 867 202 0.62016565
267 140 287 182 0.63216335
crop001504.png
356 278 373 302 0.63709986
crop001511.png
357 269 390 331 0.5101706
343 264 404 339 0.8851351
crop001512.png
353 268 404 309 0.73197514
570 295 607 333 0.73495895
901 285 942 345 0.9045182
crop001514.png
597 265 625 300 0.6463853
329 236 359 268 0.7198634
413 254 448 291 0.81677175
crop001520.png
326 265 380 330 0.5489453
crop001521.png
569 169 589 206 0.3069269
272 182 304 219 0.32752317
216 169 251 223 0.33689523
512 167 539 195 0.41166675
crop001522.png
582 214 657 283 0.5524214
crop001531.png
319 232 343 266 0.5406817
317 221 355 272 0.73642254
crop001533.png
232 341 267 376 0.65747875
421 336 451 371 0.71332866
779 325 820 375 0.90149873
crop001544.png
285 232 348 291 0.45755556
409 275 485 368 0.88739395
crop001545.png
466 195 544 312 0.34605616
480 218 525 293 0.73329604
crop001546.png
469 224 526 288 0.7033594
572 206 622 272 0.79382247
crop001549.png
567 248 601 292 0.5698217
crop001555.png
187 178 211 212 0.3050268
322 349 355 388 0.5322699
751 355 778 392 0.5770282
459 361 495 390 0.8508652
crop001566.png
262 293 283 321 0.53240985
150 133 191 192 0.8224269
crop001573.png
533 260 573 315 0.35754624
616 253 653 310 0.40047526
258 270 296 321 0.52470315
347 293 375 338 0.69763756
826 275 863 314 0.73974466
crop001574.png
239 216 273 250 0.64475876
crop001590.png
800 145 888 243 0.8587615
crop001593.png
644 227 669 264 0.6456564
504 229 531 255 0.6526451
419 223 446 253 0.82258695
338 239 366 268 0.8950474
crop001602.png
343 337 394 420 0.76467335
crop001604.png
345 216 379 249 0.9133475
crop001607.png
639 131 682 178 0.41301596
435 137 468 192 0.5378675
712 139 751 181 0.6120182
524 127 560 163 0.66409683
330 165 375 216 0.7392218
820 134 869 180 0.81890523
224 155 266 207 0.8631494
crop001631.png
306 262 337 299 0.6891327
216 271 254 303 0.8743507
crop001633.png
384 308 427 366 0.4475908
833 375 883 422 0.45018876
933 300 974 351 0.75440896
crop001634.png
268 155 312 227 0.36123538
274 174 301 209 0.80915
crop001638.png
848 279 892 343 0.7289123
650 280 706 341 0.76758176
488 310 534 375 0.7683866
crop001639.png
851 220 890 275 0.4429163
609 183 652 247 0.87453353
174 229 242 312 0.87794566
831 215 915 281 0.90854526
crop001641.png
357 223 393 281 0.36933926
655 240 689 293 0.607797
335 213 410 291 0.7813904
crop001653.png
352 202 395 243 0.8663341
crop001654.png
327 227 382 287 0.83637553
crop001658.png
254 188 281 219 0.5945348
319 183 348 221 0.8548279
389 188 421 214 0.90878
crop001659.png
666 231 699 264 0.8372348
crop001660.png
348 307 420 380 0.55753624
362 321 401 367 0.8951074
crop001661.png
473 236 515 300 0.38213
crop001664.png
685 321 702 346 0.6321366
283 318 302 341 0.655104
crop001670.png
798 239 838 293 0.6345063
615 256 655 310 0.7187499
201 241 236 286 0.72845215
459 253 497 300 0.79584205
crop001676.png
251 205 295 268 0.4536168
973 478 1011 531 0.63972396
839 438 880 493 0.8557993
657 379 707 451 0.8850991
crop001682.png
589 153 627 211 0.3454625
579 168 616 213 0.35426503
302 187 354 250 0.45267674
717 160 750 201 0.61809266
235 182 272 218 0.62614286
809 174 839 222 0.6406475
311 195 339 240 0.69823927
crop001683.png
362 155 399 199 0.9000886
276 180 307 229 0.9152284
crop001684.png
275 96 292 120 0.55677944
crop001688.png
647 189 724 293 0.59787005
crop001704.png
518 284 586 356 0.75503
crop001706.png
799 104 881 225 0.57586926
crop001715.png
512 225 552 272 0.7299023
428 267 469 318 0.8575841
crop001716.png
88 237 124 300 0.49854556
90 248 120 282 0.91879153
245 264 277 297 0.9325119
crop001718.png
860 408 882 443 0.3538803
535 363 568 401 0.56839865
857 400 893 448 0.757013
932 390 962 419 0.7572096
655 384 698 421 0.85614127
crop001719.png
171 412 189 435 0.3443673
412 374 464 431 0.36398602
894 451 937 496 0.44115147
953 453 1009 493 0.6650333
483 374 530 422 0.7612548
783 417 822 465 0.8402012
crop001722.png
174 354 252 426 0.62223506
301 282 347 359 0.77994794
crop001723.png
398 192 431 219 0.5425411
crop001724.png
96 158 118 190 0.7542366
236 151 264 182 0.9014588
crop001725.png
214 206 236 233 0.31305256
203 207 229 233 0.3260576
person_007.png
180 98 244 171 0.8634385
person_008.png
199 118 269 178 0.7576967
person_009.png
234 82 303 155 0.875859
person_010.png
231 156 286 218 0.86926395
person_011.png
209 152 250 202 0.70096606
person_012.png
235 199 259 247 0.8494396
person_013.png
235 221 288 265 0.7650675
person_014.png
223 109 269 191 0.84675634
person_015.png
229 193 255 228 0.84447044
person_026.png
241 54 314 155 0.951032
person_028.png
188 61 253 163 0.9758893
person_029.png
131 80 193 173 0.9571072
person_030.png
184 57 253 152 0.90492153
person_032.png
209 48 266 155 0.7942466
person_033.png
226 111 293 206 0.9847282
person_034.png
173 58 237 132 0.9048055
person_036.png
254 80 312 157 0.9610455
person_037.png
255 236 284 274 0.91151726
person_038.png
248 196 288 262 0.75621414
person_039.png
212 230 233 253 0.60970867
person_040.png
202 151 236 186 0.74351835
person_051.png
320 107 359 158 0.36733365
person_052.png
315 112 357 161 0.83841103
person_053.png
326 116 372 169 0.5507106
333 127 365 160 0.8687186
person_055.png
313 151 337 189 0.5816884
303 145 348 194 0.8944306
person_056.png
325 80 381 118 0.876834
person_058.png
326 133 348 159 0.8792397
person_059.png
309 121 365 201 0.8553096
person_062.png
421 163 456 190 0.8271628
person_063.png
334 173 374 206 0.5972812
person_064.png
291 128 332 186 0.7104308
person_065.png
289 127 347 166 0.8552991
person_070.png
253 148 272 177 0.40395206
247 143 280 182 0.9176954
person_071.png
236 78 290 128 0.7911442
person_073.png
330 206 354 228 0.64831436
person_075.png
288 182 317 208 0.8359004
person_076.png
299 129 348 185 0.54917496
person_085.png
318 146 382 207 0.75232863
161 184 207 228 0.7690733
person_087.png
262 175 304 244 0.75396687
person_088.png
346 138 372 165 0.4205811
358 132 399 172 0.4451826
366 141 389 166 0.54535866
201 117 265 184 0.9007577
person_089.png
211 172 253 214 0.53189266
person_090.png
237 169 280 214 0.9247377
person_092.png
255 118 293 185 0.76410145
person_093.png
295 135 339 191 0.5412898
165 128 212 201 0.7441594
person_094.png
236 111 290 192 0.3388961
person_095.png
361 125 380 149 0.35835576
207 95 269 179 0.9576085
person_096.png
355 66 375 102 0.3019874
397 42 418 70 0.7160361
235 97 291 176 0.9514402
person_098.png
103 122 144 193 0.6666515
351 86 397 165 0.7725015
172 146 234 203 0.81049913
person_099.png
246 113 294 191 0.8358564
person_100.png
195 219 216 252 0.4226528
355 231 374 257 0.5960722
348 227 375 268 0.5962353
187 215 225 257 0.73003393
person_104.png
211 206 228 233 0.6815246
190 195 249 250 0.7184808
203 202 239 237 0.89615506
311 212 348 247 0.9218408
person_105.png
271 130 311 169 0.7153856
155 126 195 163 0.8688977
person_107.png
112 188 160 250 0.7860403
287 104 339 198 0.8641207
person_115.png
287 132 328 194 0.7714607
179 102 220 170 0.8263938
99 82 147 156 0.92978245
person_118.png
153 215 187 250 0.5142198
158 220 179 245 0.5798482
210 213 228 233 0.7635692
person_120.png
266 169 303 197 0.5807078
202 189 233 217 0.89051056
person_122.png
228 229 255 256 0.86893886
person_127.png
136 90 151 102 0.36114073
278 118 306 166 0.3957486
355 81 404 121 0.5016498
280 123 300 153 0.8034297
person_132.png
111 208 125 225 0.3274839
189 201 200 219 0.33625114
475 179 490 205 0.48567438
253 184 268 203 0.5348635
308 184 328 208 0.69352806
144 228 159 246 0.7951011
397 181 425 211 0.8299994
217 183 236 207 0.85930634
person_134.png
270 125 292 167 0.31591338
144 100 157 116 0.3299139
495 92 507 113 0.37851086
100 103 111 120 0.6661808
258 129 304 166 0.76582545
431 88 445 110 0.7943308
352 118 393 160 0.8243925
person_135.png
269 157 310 201 0.3362712
212 147 242 193 0.66343915
277 161 298 192 0.890442
333 144 358 177 0.9346872
216 154 235 186 0.9636863
person_136.png
347 133 364 163 0.6824673
262 152 285 186 0.9000186
person_137.png
137 69 155 99 0.49108207
399 126 422 160 0.5106745
174 104 193 135 0.71600103
329 94 354 121 0.91953176
225 92 248 124 0.9269063
person_138.png
367 63 393 124 0.39647552
361 74 397 106 0.6059093
509 29 552 116 0.61589247
512 47 541 93 0.68506986
229 73 268 122 0.7248079
person_159.png
400 180 417 207 0.34802988
471 171 495 192 0.5427937
192 178 209 199 0.64692366
328 159 353 185 0.6987499
279 177 301 199 0.7267311
225 187 247 210 0.8982383
person_161.png
436 123 458 148 0.3369038
300 106 359 146 0.65966487
person_164.png
283 152 305 185 0.8768394
person_186.png
281 173 303 201 0.84263945
361 170 387 192 0.9492375
person_188.png
280 173 302 203 0.79924375
13 189 24 210 0.8048839
230 185 256 209 0.80769557
364 185 387 213 0.82792556
435 196 457 217 0.9523484
person_189.png
381 121 405 181 0.49371392
386 138 406 165 0.6119004
284 126 335 161 0.6975404
person_190.png
398 131 419 163 0.4194926
466 115 502 152 0.4876048
472 123 495 147 0.51805264
386 128 433 165 0.66455644
277 143 302 172 0.81832576
158 125 181 162 0.82803434
person_191.png
277 200 294 222 0.5344821
192 174 214 202 0.6971235
496 178 520 207 0.7717472
358 187 378 207 0.7759638
426 178 450 207 0.80481404
229 174 252 199 0.89032197
person_193.png
573 161 600 182 0.46486738
206 149 243 188 0.8050395
441 189 460 211 0.8222983
351 164 381 195 0.854555
person_194.png
330 196 352 224 0.3707542
418 177 441 211 0.57380944
277 186 308 212 0.7412579
366 183 387 208 0.7987453
person_198.png
6 97 20 122 0.3694012
364 116 404 161 0.531991
246 70 293 171 0.65201294
person_200.png
492 209 509 237 0.32594717
59 100 78 122 0.3549118
175 199 189 221 0.39642346
495 215 518 235 0.43517938
531 199 545 214 0.51036733
180 198 200 224 0.52012825
206 199 228 222 0.5839527
231 196 257 222 0.61792874
573 200 588 218 0.6997725
610 193 630 220 0.71090937
265 201 292 225 0.7239587
425 198 449 218 0.76846415
378 212 401 236 0.77973396
316 202 341 224 0.78077465
121 198 142 218 0.8374663
person_204.png
363 93 409 160 0.31171378
121 75 157 113 0.5824447
589 132 621 163 0.67001736
273 161 295 191 0.6843729
526 94 545 122 0.7255689
363 110 404 142 0.7345961
129 75 149 105 0.73815364
person_206.png
320 176 368 217 0.4196158
343 186 358 207 0.53834313
334 184 365 211 0.9722689
person_207.png
444 185 468 209 0.74783665
257 187 277 208 0.8190484
321 170 350 199 0.827296
202 173 222 196 0.90310156
person_210.png
361 152 382 177 0.5758347
354 149 391 180 0.7610192
287 161 306 187 0.77780133
283 151 312 194 0.79015917
person_212.png
315 169 339 198 0.46191767
person_216.png
373 136 397 166 0.48140988
246 133 267 167 0.5169129
366 131 407 170 0.87475735
person_217.png
180 202 197 226 0.66319525
270 215 293 246 0.7211268
66 193 96 228 0.743342
459 186 480 214 0.7816637
68 200 88 223 0.8520989
385 194 409 220 0.8630608
person_218.png
274 108 299 155 0.30127674
354 130 389 164 0.6618097
262 105 310 161 0.6768583
person_222.png
346 85 382 116 0.41542393
192 80 245 145 0.6266842
423 66 468 123 0.69156176
person_230.png
448 129 473 181 0.45547545
173 133 199 169 0.5678125
292 125 331 169 0.67938083
437 133 485 171 0.8048881
120 152 137 170 0.8348545
person_236.png
491 168 510 193 0.37844846
461 162 480 189 0.48046103
552 153 576 183 0.61710835
227 156 248 184 0.75079775
158 188 184 210 0.7624603
340 145 361 170 0.90772986
person_246.png
315 84 366 132 0.6586293
238 29 290 92 0.70558286
person_247.png
334 155 385 174 0.51940995
345 151 373 184 0.7024883
275 148 303 188 0.9091877
person_248.png
304 130 340 159 0.94887316
person_249.png
248 177 276 230 0.5330794
297 187 321 210 0.68760836
249 188 270 214 0.7862438
437 174 460 201 0.8157237
483 171 505 198 0.9404149
person_250.png
405 92 448 135 0.33197996
263 98 288 143 0.47573918
255 90 296 152 0.8016813
160 107 190 139 0.9528829
person_251.png
365 78 413 122 0.8085803
252 84 296 122 0.8269005
483 95 508 125 0.868522
person_255.png
424 160 444 189 0.81059945
248 148 272 175 0.9287474
person_263.png
227 126 253 184 0.4558418
109 131 132 169 0.47098014
376 158 400 186 0.55357784
218 136 258 168 0.61649156
308 135 344 180 0.80184776
person_265.png
328 193 367 232 0.5840247
419 171 444 204 0.6926745
519 181 544 213 0.8059458
109 80 153 116 0.90146595
person_272.png
220 51 266 139 0.7253397
476 44 518 111 0.84025353
91 63 139 134 0.875921
343 44 390 121 0.9475472
person_280.png
502 155 525 182 0.7283193
353 148 373 179 0.8093799
294 163 315 196 0.86790824
person_282.png
99 139 116 156 0.80950886
290 141 312 175 0.91525626
person_290.png
349 148 394 188 0.8535424
person_293.png
288 113 336 148 0.586871
299 111 322 144 0.64340484
125 116 149 147 0.6458182
185 111 202 137 0.86453843
person_303.png
498 122 522 149 0.57632077
267 153 318 198 0.6046953
145 122 169 155 0.6175505
165 153 186 184 0.8582883
218 127 240 159 0.86535764
381 134 418 167 0.9433502
person_306.png
280 151 298 183 0.44207704
269 147 307 187 0.7418235
189 141 223 179 0.744684
person_314.png
194 131 238 178 0.34805322
527 114 562 151 0.80733675
205 136 227 167 0.82749826
person_315.png
495 194 518 216 0.41735563
536 183 554 205 0.63598216
351 202 377 238 0.7609025
353 211 373 231 0.87350595
person_316.png
338 189 364 245 0.7664329
298 207 322 257 0.94912136
person_317.png
332 146 373 188 0.35311964
342 149 362 180 0.6854709
220 164 244 198 0.7963179
person_318.png
243 101 272 159 0.40336418
249 115 269 139 0.70138985
327 127 347 150 0.9126784
person_323.png
299 109 344 154 0.49528357
189 81 210 111 0.55799556
180 75 218 117 0.8628935
person_325.png
184 122 203 150 0.4072758
263 118 283 147 0.50542665
256 112 291 152 0.8804505
172 120 213 154 0.90151584
person_335.png
292 161 320 189 0.53801334
235 157 253 180 0.61149895
301 162 324 181 0.80479443
190 144 211 171 0.83578706
person_336.png
133 132 145 143 0.3248945
93 130 108 145 0.33650663
170 140 183 151 0.65062404
401 108 417 134 0.73400015
88 130 101 144 0.7737311
321 131 348 160 0.83933085
395 104 424 138 0.9341462
person_337.png
155 161 178 191 0.30483624
326 149 349 195 0.4421238
289 154 307 181 0.4727335
335 180 358 215 0.7156113
92 138 115 165 0.7478794
210 148 228 181 0.76086223
person_347.png
290 113 328 154 0.7573247
457 166 485 199 0.8681248
person_350.png
175 74 213 148 0.33263654
185 91 213 127 0.48701552
87 74 128 140 0.6622219
person_and_bike_004.png
203 15 263 123 0.8788393
person_and_bike_006.png
232 58 276 121 0.63649166
person_and_bike_012.png
18 68 49 97 0.60939
367 73 404 123 0.68354136
252 90 299 138 0.7437054
person_and_bike_014.png
365 77 402 114 0.61519873
555 96 571 117 0.7151011
person_and_bike_027.png
324 140 346 175 0.85218793
262 120 285 150 0.93230337
person_and_bike_028.png
386 120 395 132 0.37744367
80 127 89 143 0.41796446
346 126 356 143 0.6187946
484 113 505 141 0.64290404
288 147 323 181 0.76714486
449 123 469 141 0.7989966
person_and_bike_029.png
217 162 255 201 0.6214344
person_and_bike_035.png
278 135 306 177 0.74154854
203 148 226 177 0.7749886
person_and_bike_038.png
100 126 124 155 0.37315547
288 120 310 155 0.53796685
521 132 579 156 0.56202984
334 130 358 159 0.84859955
person_and_bike_042.png
330 57 377 97 0.6347447
person_and_bike_043.png
337 45 364 81 0.7974128
person_and_bike_044.png
331 69 352 111 0.6790675
person_and_bike_045.png
235 34 282 107 0.930268
person_and_bike_046.png
260 53 310 97 0.685559
person_and_bike_047.png
322 70 361 107 0.84121454
person_and_bike_048.png
237 56 286 97 0.7604099
person_and_bike_049.png
317 44 363 88 0.68960446
person_and_bike_050.png
354 34 399 80 0.6252257
person_and_bike_051.png
312 84 347 121 0.6301086
person_and_bike_052.png
301 33 346 91 0.524689
person_and_bike_053.png
300 16 335 92 0.78357947
person_and_bike_054.png
263 56 307 98 0.6543376
person_and_bike_055.png
272 73 309 106 0.91633075
person_and_bike_056.png
341 43 388 87 0.6063918
person_and_bike_057.png
272 53 311 95 0.80961746
person_and_bike_058.png
214 40 251 116 0.3431407
205 55 254 94 0.8609908
person_and_bike_059.png
303 58 342 107 0.66912746
person_and_bike_060.png
278 33 308 86 0.49795192
person_and_bike_061.png
289 51 359 107 0.39715928
person_and_bike_062.png
292 44 340 98 0.64147043
person_and_bike_063.png
318 46 339 86 0.3430745
303 44 354 97 0.6708997
person_and_bike_064.png
276 40 323 90 0.7863299
person_and_bike_065.png
245 46 287 85 0.8533441
person_and_bike_066.png
292 37 332 110 0.70405483
person_and_bike_067.png
280 60 327 95 0.7182018
person_and_bike_069.png
321 29 364 113 0.872769
person_and_bike_070.png
276 48 300 114 0.3155966
263 60 312 95 0.7442294
person_and_bike_071.png
288 51 329 114 0.7825304
person_and_bike_072.png
425 56 446 97 0.8238338
person_and_bike_073.png
241 51 290 104 0.73613054
person_and_bike_076.png
165 30 214 54 0.39694545
338 49 371 83 0.59462494
177 26 202 63 0.80960995
person_and_bike_077.png
415 30 438 66 0.8248055
person_and_bike_079.png
322 49 361 117 0.6094666
person_and_bike_080.png
424 37 469 105 0.8745159
person_and_bike_081.png
329 29 369 114 0.87442327
person_and_bike_082.png
346 30 385 94 0.7840884
person_and_bike_083.png
278 36 317 103 0.50544983
person_and_bike_084.png
346 55 389 122 0.7996319
person_and_bike_085.png
315 71 361 121 0.6706792
person_and_bike_086.png
328 59 381 94 0.87636864
person_and_bike_087.png
353 27 394 89 0.6373086
person_and_bike_088.png
333 54 376 96 0.4461809
person_and_bike_089.png
264 52 307 88 0.8168113
person_and_bike_090.png
167 59 209 111 0.84211284
person_and_bike_091.png
293 27 368 112 0.8015866
person_and_bike_092.png
314 30 359 96 0.60672385
person_and_bike_093.png
302 47 342 93 0.59941155
person_and_bike_094.png
295 55 315 91 0.56235474
282 58 327 91 0.7742769
person_and_bike_095.png
228 62 285 107 0.3822457
person_and_bike_096.png
257 45 280 94 0.51589495
237 52 297 89 0.7569782
person_and_bike_097.png
302 15 379 85 0.8809472
person_and_bike_098.png
210 1 262 81 0.32174173
person_and_bike_099.png
251 9 302 41 0.9442334
person_and_bike_100.png
316 0 361 101 0.5298434
person_and_bike_101.png
319 45 391 109 0.5195187
person_and_bike_102.png
290 40 332 113 0.7409613
person_and_bike_103.png
person_and_bike_104.png
person_and_bike_105.png
287 43 339 89 0.5389889
person_and_bike_106.png
299 55 346 84 0.42382833
person_and_bike_107.png
person_and_bike_108.png
person_and_bike_109.png
188 43 243 84 0.6864422
person_and_bike_110.png
308 0 358 61 0.79101235
person_and_bike_111.png
319 28 363 69 0.73473203
person_and_bike_112.png
312 1 373 76 0.57971257
person_and_bike_113.png
276 5 323 75 0.80582875
person_and_bike_114.png
290 53 340 98 0.77907
person_and_bike_126.png
304 152 355 184 0.33462548
507 150 518 162 0.3873139
397 154 417 174 0.55405295
490 150 501 162 0.56597
320 146 342 189 0.58228886
532 148 554 164 0.585837
131 134 157 168 0.69141203
390 148 426 178 0.8366779
person_and_bike_133.png
294 113 319 172 0.34314352
371 157 395 187 0.5231917
296 121 315 152 0.77532136
person_and_bike_136.png
222 166 253 207 0.35483876
83 185 106 207 0.5791725
142 170 163 196 0.8264597
412 154 435 184 0.87017184
223 176 249 196 0.88573205
351 155 371 195 0.9115316
person_and_bike_140.png
278 141 306 177 0.84035546
person_and_bike_141.png
248 48 303 105 0.6743944
person_and_bike_149.png
374 176 399 197 0.31354746
190 138 215 176 0.38836414
250 189 268 212 0.5394539
238 189 276 213 0.57929915
person_and_bike_153.png
417 141 448 193 0.30073845
420 150 443 175 0.90723556
person_and_bike_159.png
293 59 327 92 0.860805
person_and_bike_160.png
329 34 373 108 0.819446
person_and_bike_161.png
290 58 332 108 0.6955099
person_and_bike_162.png
270 59 311 91 0.9162564
person_and_bike_163.png
224 35 265 115 0.6776161
person_and_bike_164.png
280 35 319 106 0.70329946
person_and_bike_165.png
267 47 307 84 0.8254807
person_and_bike_177.png
166 124 209 208 0.9740855
person_and_bike_181.png
527 74 546 99 0.5732736
340 185 365 214 0.83514583
278 187 302 214 0.8891539
person_and_bike_188.png
301 185 318 203 0.6250022
357 182 378 214 0.777013
person_and_bike_189.png
265 101 321 148 0.6385802
person_and_bike_190.png
244 143 264 190 0.4628814
317 136 343 163 0.7335932
241 150 261 173 0.94894737