person_089.png
204.01 167.68 254.40 219.33 0.76
person_290.png
351.81 148.08 388.77 185.56 0.84
person_and_bike_029.png
212.36 153.57 256.29 209.34 0.91
person_and_bike_153.png
414.63 140.01 450.76 186.63 0.89
person_188.png
429.70 191.94 464.39 223.08 0.83
228.89 184.52 255.73 209.40 0.87
277.40 175.32 303.47 199.84 0.87
crop001545.png
465.82 218.96 545.88 303.60 0.91
crop001531.png
315.29 226.02 356.99 275.12 0.80
person_135.png
272.97 158.88 306.08 196.23 0.82
211.77 152.51 244.24 190.57 0.89
329.83 142.66 361.25 180.01 0.80
crop001658.png
390.07 187.46 415.28 215.86 0.74
person_and_bike_107.png
person_and_bike_064.png
277.04 40.48 321.37 95.21 0.87
person_and_bike_165.png
266.47 40.59 307.89 91.87 0.78
person_and_bike_044.png
324.92 70.28 362.14 116.18 0.90
person_095.png
205.42 101.37 265.30 165.50 0.80
person_293.png
292.74 110.34 328.41 147.67 0.92
182.28 111.09 202.34 135.23 0.76
125.90 122.33 146.05 145.02 0.85
person_and_bike_181.png
277.01 183.71 306.37 219.03 0.87
339.24 186.59 366.62 217.76 0.81
person_and_bike_079.png
315.63 53.21 358.69 109.21 0.91
person_134.png
258.72 116.69 306.40 173.01 0.86
348.92 112.01 397.77 165.20 0.84
crop001604.png
343.31 212.57 384.82 255.72 0.80
person_092.png
246.02 122.48 300.98 182.36 0.71
crop001638.png
842.00 282.76 907.52 352.97 0.86
481.09 316.03 548.63 377.21 0.72
643.23 277.77 704.55 340.25 0.73
person_and_bike_113.png
274.11 6.04 328.43 74.62 0.83
person_336.png
390.21 102.06 429.84 144.21 0.86
315.91 127.82 348.49 160.55 0.81
crop001544.png
283.95 225.85 345.40 295.93 0.73
person_212.png
crop001631.png
303.79 264.00 332.38 296.24 0.75
220.34 273.60 247.72 303.78 0.72
person_104.png
307.14 206.32 353.93 252.75 0.88
201.86 201.32 240.01 241.71 0.84
person_and_bike_072.png
416.95 52.90 456.05 103.71 0.91
crop001520.png
537.45 229.45 609.57 311.09 0.71
308.60 259.55 381.38 334.91 0.91
crop001682.png
232.27 177.42 274.53 224.90 0.86
807.65 173.45 846.56 219.10 0.74
person_and_bike_073.png
241.89 50.44 291.06 110.40 0.76
person_and_bike_085.png
313.29 67.26 364.93 129.64 0.86
person_009.png
crop001684.png
273.28 100.28 288.91 117.63 0.84
person_218.png
264.91 105.88 310.74 160.44 0.88
351.09 129.45 387.85 172.08 0.84
person_and_bike_100.png
crop001659.png
671.52 230.44 698.46 261.88 0.73
crop_000001.png
230.21 64.49 293.55 145.97 0.75
crop_000018.png
264.18 67.12 328.42 144.07 0.79
person_and_bike_088.png
333.10 49.10 381.75 107.54 0.88
person_and_bike_093.png
297.24 42.80 340.90 95.64 0.89
person_and_bike_140.png
274.02 144.74 308.65 182.37 0.84
person_and_bike_057.png
271.11 47.89 313.30 101.46 0.89
crop_000008.png
502.38 65.34 575.81 164.23 0.75
person_and_bike_061.png
295.16 52.36 347.40 111.26 0.90
person_and_bike_126.png
386.11 142.39 425.35 186.86 0.90
312.98 147.40 348.42 186.62 0.92
130.59 140.61 155.35 164.17 0.87
person_034.png
170.63 54.04 235.05 134.29 0.79
person_013.png
236.31 217.12 291.57 270.97 0.79
person_and_bike_055.png
270.20 63.36 311.94 115.66 0.87
crop001504.png
person_132.png
397.96 183.55 423.48 209.03 0.84
469.21 180.64 491.38 202.29 0.86
213.68 185.44 234.67 206.65 0.76
person_071.png
242.35 73.78 289.51 132.08 0.91
crop001633.png
936.06 301.66 973.71 343.34 0.83
person_and_bike_035.png
272.97 134.83 310.47 176.47 0.87
199.03 142.62 234.22 182.38 0.87
person_317.png
215.02 160.15 255.73 203.49 0.86
337.24 150.34 368.49 184.57 0.77
person_and_bike_062.png
293.34 42.12 338.34 98.30 0.88
crop_000015.png
325.64 123.98 380.42 190.77 0.80
person_062.png
420.39 158.74 455.45 198.14 0.90
person_065.png
299.15 121.24 343.89 175.26 0.89
person_127.png
361.32 77.36 405.94 130.20 0.89
271.54 113.68 310.90 159.11 0.88
crop_000005.png
202.34 73.52 233.61 106.33 0.91
78.14 59.76 109.14 92.57 0.86
person_051.png
319.40 104.72 370.91 162.04 0.80
person_and_bike_110.png
305.81 0.00 352.92 57.59 0.74
person_and_bike_161.png
289.18 55.93 331.00 110.97 0.82
person_and_bike_177.png
162.15 128.95 211.76 195.98 0.82
crop001670.png
610.67 251.62 659.91 305.63 0.72
449.08 253.70 498.43 303.84 0.77
person_and_bike_043.png
332.37 41.18 372.32 90.83 0.88
crop001723.png
person_272.png
88.66 67.51 137.58 131.52 0.80
217.64 60.23 266.14 124.11 0.76
474.02 47.66 522.75 108.76 0.78
person_263.png
219.50 128.20 260.70 176.00 0.83
102.46 127.68 139.04 172.96 0.84
307.06 136.66 344.37 180.58 0.70
crop001514.png
593.41 264.83 642.82 309.48 0.72
person_and_bike_160.png
327.16 39.48 376.32 105.12 0.83
person_and_bike_047.png
320.82 61.85 364.59 115.55 0.90
person_and_bike_098.png
201.36 8.96 259.65 76.34 0.75
person_204.png
361.82 101.94 404.96 152.41 0.89
119.54 74.57 154.65 111.18 0.89
524.63 97.74 547.57 120.58 0.75
person_and_bike_050.png
348.39 29.68 398.44 81.32 0.79
person_040.png
197.31 147.80 237.42 189.11 0.85
person_026.png
person_303.png
211.85 125.94 243.76 160.33 0.76
person_070.png
242.16 138.16 287.09 187.87 0.84
crop001706.png
802.03 107.17 886.47 214.37 0.81
person_and_bike_163.png
219.42 42.36 270.04 104.58 0.84
person_038.png
242.40 198.17 294.48 258.81 0.80
person_053.png
328.70 121.52 367.44 164.19 0.87
crop001549.png
person_200.png
314.58 199.85 338.95 224.58 0.79
87.21 219.44 108.78 240.14 0.71
person_and_bike_092.png
307.42 31.69 361.48 99.08 0.79
crop_000016.png
627.91 90.64 687.69 169.69 0.89
person_and_bike_027.png
262.45 120.65 286.98 146.64 0.81
person_and_bike_067.png
283.82 54.31 325.38 106.82 0.83
person_007.png
178.89 100.98 242.26 167.62 0.87
person_350.png
174.89 84.57 216.48 132.24 0.84
person_and_bike_133.png
358.51 149.34 404.90 193.97 0.86
285.73 117.12 324.09 163.34 0.89
person_063.png
336.80 173.45 371.48 213.24 0.85
person_189.png
284.06 117.19 330.60 164.11 0.92
376.59 130.20 418.35 173.81 0.89
crop001676.png
657.51 382.98 710.91 446.04 0.81
237.68 207.72 293.94 264.25 0.78
person_and_bike_049.png
317.80 36.87 365.82 95.82 0.73
person_207.png
436.89 181.79 469.10 217.44 0.87
202.09 173.16 223.33 193.58 0.78
crop001725.png
207.78 207.78 234.79 236.68 0.83
person_and_bike_087.png
352.17 26.41 400.17 86.39 0.83
crop001704.png
crop001555.png
186.29 177.83 216.70 214.61 0.78
person_and_bike_065.png
244.42 40.09 287.91 93.74 0.75
person_198.png
241.03 88.21 297.50 154.58 0.94
358.02 107.82 407.64 165.37 0.88
person_033.png
226.02 121.40 288.79 197.13 0.84
crop001715.png
429.15 260.53 480.88 326.86 0.81
502.09 222.10 557.10 282.92 0.71
person_and_bike_159.png
286.14 53.43 330.46 99.85 0.82
person_120.png
195.44 185.46 233.95 224.75 0.83
268.37 168.35 302.16 205.09 0.81
person_058.png
319.52 129.92 352.63 166.63 0.81
person_and_bike_136.png
410.05 152.62 436.25 186.58 0.81
349.52 162.27 375.71 193.65 0.73
139.96 168.77 165.21 198.06 0.75
224.45 174.84 249.58 201.19 0.82
person_087.png
250.22 182.21 301.46 233.10 0.82
person_039.png
212.19 233.21 234.36 255.19 0.94
person_337.png
206.22 147.42 234.15 176.09 0.86
91.95 140.73 114.71 163.53 0.89
person_and_bike_099.png
person_248.png
299.30 123.10 343.23 168.85 0.89
410.42 163.53 450.01 205.85 0.88
crop_000604.png
174.20 71.34 206.31 107.72 0.74
100.86 59.41 130.08 90.86 0.79
326.44 45.16 354.32 75.65 0.86
person_and_bike_105.png
290.15 41.30 337.00 97.96 0.73
person_316.png
333.11 194.03 368.55 237.22 0.76
295.08 212.55 326.61 250.99 0.81
crop001654.png
307.58 209.01 386.28 296.11 0.85
person_098.png
96.99 126.60 152.04 190.40 0.81
173.82 145.35 230.76 203.72 0.73
348.38 92.90 402.05 152.12 0.76
person_100.png
186.00 219.55 224.75 260.50 0.88
345.74 228.58 377.68 262.21 0.82
person_314.png
522.44 111.69 561.08 155.17 0.77
202.11 131.83 236.76 170.99 0.94
person_347.png
286.33 114.28 327.56 156.59 0.89
454.76 168.35 485.99 197.89 0.76
crop001634.png
267.88 168.40 307.23 215.93 0.88
person_164.png
277.80 152.21 308.12 187.05 0.92
crop001511.png
349.13 259.44 409.69 331.97 0.80
crop001573.png
256.06 274.55 300.13 321.42 0.85
825.90 273.45 865.05 318.63 0.75
613.85 261.84 650.57 305.59 0.74
530.79 272.05 566.60 311.24 0.76
person_030.png
186.81 63.30 249.07 141.31 0.87
person_and_bike_094.png
283.42 49.93 327.44 103.61 0.78
person_073.png
327.43 204.51 356.20 230.46 0.85
crop001566.png
147.03 135.31 190.30 189.13 0.87
crop_000024.png
245.70 118.98 301.31 189.45 0.89
person_and_bike_042.png
334.52 52.42 377.77 105.32 0.84
crop_000003.png
363.80 44.95 407.09 98.74 0.92
person_088.png
201.82 124.76 260.49 179.90 0.86
363.24 137.07 397.02 169.13 0.70
crop_000023.png
527.78 89.18 576.55 146.92 0.88
crop_000002.png
156.32 78.29 195.80 129.42 0.75
crop001607.png
222.54 152.43 265.70 203.51 0.81
329.03 165.99 368.31 214.46 0.77
433.97 152.52 465.91 185.69 0.75
828.89 140.21 860.20 171.68 0.77
person_and_bike_052.png
299.94 37.21 345.34 95.51 0.88
person_and_bike_114.png
290.78 49.57 339.74 102.30 0.86
person_222.png
191.90 80.65 245.37 140.30 0.78
415.76 69.13 468.36 120.96 0.87
person_064.png
291.72 132.12 331.36 184.09 0.93
person_246.png
234.06 28.92 287.69 86.40 0.81
person_and_bike_069.png
318.78 41.17 366.33 101.64 0.80
person_265.png
116.31 73.75 154.16 118.84 0.90
415.03 164.69 452.18 205.72 0.82
327.90 194.19 363.81 235.30 0.85
515.04 176.40 547.21 215.87 0.87
person_and_bike_089.png
262.56 48.61 302.07 89.95 0.85
person_and_bike_071.png
282.46 54.01 329.14 110.58 0.80
person_085.png
322.67 145.47 379.68 207.53 0.73
157.76 177.49 210.16 233.72 0.86
person_and_bike_053.png
293.50 22.70 339.14 80.50 0.88
crop_000007.png
633.52 116.16 687.94 186.67 0.90
crop001639.png
838.07 203.95 914.82 295.82 0.84
171.09 227.97 244.12 316.78 0.88
599.26 175.24 667.13 259.50 0.85
person_and_bike_051.png
312.06 81.64 351.12 129.19 0.86
person_075.png
290.70 182.20 313.90 205.67 0.92
person_099.png
238.82 123.94 297.92 181.89 0.83
crop001602.png
338.28 333.34 402.76 415.41 0.77
crop001722.png
291.64 279.03 356.97 358.67 0.70
person_186.png
275.00 173.57 309.81 210.37 0.83
360.14 165.83 392.74 198.68 0.89
crop001661.png
474.11 243.94 513.42 293.82 0.82
person_249.png
475.92 165.79 512.57 206.60 0.84
242.94 183.15 277.75 223.47 0.86
432.53 169.79 466.05 206.59 0.85
293.27 180.77 323.75 217.27 0.76
person_and_bike_006.png
226.35 62.91 278.21 125.10 0.83
person_247.png
341.77 147.79 374.80 184.65 0.91
273.59 151.81 305.98 187.86 0.85
person_015.png
227.72 193.32 253.36 224.75 0.83
person_and_bike_063.png
307.83 42.80 349.24 97.27 0.90
crop001522.png
584.89 209.58 662.92 295.51 0.83
person_and_bike_162.png
267.40 50.50 312.53 98.34 0.87
person_230.png
438.63 126.16 486.20 179.76 0.90
286.02 124.65 331.08 176.66 0.84
172.51 139.55 198.48 164.67 0.93
person_191.png
418.99 175.60 450.13 209.91 0.79
494.09 175.78 521.03 207.16 0.75
355.42 184.09 381.62 212.08 0.80
194.10 179.95 212.54 199.81 0.84
person_138.png
226.90 70.01 273.04 131.21 0.85
357.23 62.15 400.49 114.83 0.90
504.02 41.29 547.73 92.21 0.78
person_and_bike_059.png
299.12 56.61 341.99 110.92 0.90
person_and_bike_141.png
249.06 49.82 300.29 110.44 0.91
person_and_bike_190.png
314.50 131.94 351.00 171.86 0.87
236.71 146.25 267.58 176.99 0.86
person_056.png
327.40 73.29 377.99 123.19 0.88
crop001574.png
person_and_bike_004.png
person_036.png
248.13 76.66 309.27 154.23 0.84
person_and_bike_045.png
232.55 38.00 281.65 101.09 0.78
person_029.png
131.15 88.04 190.72 163.30 0.87
person_and_bike_149.png
241.32 180.54 275.99 222.71 0.75
person_and_bike_101.png
crop001724.png
240.15 154.38 261.26 181.62 0.70
person_052.png
307.24 105.63 360.93 160.77 0.85
person_and_bike_112.png
313.94 2.27 378.27 73.08 0.74
person_and_bike_048.png
238.14 49.58 283.64 107.74 0.85
person_210.png
278.01 154.99 316.50 195.10 0.87
354.88 149.70 389.13 184.93 0.85
crop_000021.png
355.17 50.20 407.40 118.23 0.86
person_105.png
151.95 119.83 202.47 169.67 0.86
262.65 125.91 309.73 172.78 0.92
person_032.png
208.49 55.49 266.67 133.98 0.72
crop001718.png
853.57 402.41 895.72 450.45 0.75
person_318.png
240.95 109.87 276.26 147.68 0.91
322.72 123.91 351.50 153.17 0.83
person_093.png
161.32 127.33 217.20 194.24 0.92
287.98 137.65 344.86 191.60 0.87
person_306.png
268.58 146.22 305.22 185.62 0.74
187.62 141.17 222.94 180.30 0.86
person_and_bike_060.png
273.34 34.73 315.73 87.84 0.89
person_and_bike_109.png
186.67 40.19 236.53 95.15 0.73
person_and_bike_046.png
261.58 51.16 306.35 104.96 0.84
person_and_bike_054.png
261.31 50.46 308.06 108.20 0.84
person_and_bike_095.png
233.12 56.90 281.98 113.46 0.81
crop_000026.png
767.90 102.80 823.86 174.88 0.86
555.23 179.56 598.40 232.15 0.88
390.11 156.49 431.01 206.74 0.82
184.29 278.07 221.53 323.75 0.75
person_and_bike_066.png
280.72 40.44 330.89 99.82 0.83
person_and_bike_082.png
342.68 33.69 384.42 88.15 0.85
crop_000017.png
604.76 71.82 675.87 164.18 0.73
crop001664.png
person_096.png
236.32 97.16 293.81 171.94 0.77
person_and_bike_104.png
person_and_bike_076.png
336.20 44.32 374.58 92.69 0.83
172.32 26.45 207.71 65.26 0.76
crop001521.png
390.82 184.02 416.79 209.96 0.72
person_055.png
300.10 144.79 348.51 199.65 0.86
crop001501.png
person_255.png
243.51 147.73 274.60 177.71 0.88
419.95 159.56 450.71 189.19 0.86
person_and_bike_096.png
246.77 43.42 288.95 94.53 0.83
person_and_bike_077.png
408.66 26.58 447.11 75.26 0.92
person_059.png
310.79 126.32 367.31 197.00 0.89
person_and_bike_028.png
286.13 140.35 328.18 186.01 0.94
484.16 117.36 501.77 136.56 0.84
person_and_bike_084.png
343.94 54.93 392.00 116.76 0.79
person_and_bike_102.png
280.14 43.87 330.98 102.56 0.84
person_and_bike_189.png
272.32 95.90 320.10 153.51 0.86
person_190.png
389.20 127.26 426.24 167.44 0.81
152.08 126.55 188.39 165.61 0.89
273.41 142.71 308.20 180.22 0.78
466.93 120.19 500.12 150.99 0.79
person_282.png
284.78 135.42 321.38 181.22 0.93
person_and_bike_111.png
323.43 23.31 366.25 77.42 0.72
person_115.png
174.05 104.77 220.52 165.63 0.77
282.24 132.38 329.11 191.67 0.76
person_and_bike_070.png
270.32 56.38 310.63 107.93 0.80
person_090.png
230.53 166.83 287.43 221.21 0.85
crop_000013.png
255.78 118.40 319.81 201.16 0.78
crop001641.png
635.82 229.95 710.81 309.26 0.88
336.45 214.73 408.99 295.15 0.72
person_and_bike_097.png
308.41 22.11 367.23 87.77 0.76
person_216.png
362.31 130.45 406.54 175.38 0.89
239.74 136.38 276.94 171.69 0.82
person_and_bike_091.png
crop001653.png
353.19 203.37 394.01 246.14 0.84
person_and_bike_081.png
324.68 40.85 374.02 104.05 0.83
person_122.png
223.07 228.44 255.94 259.72 0.88
crop001546.png
464.49 217.17 530.53 290.99 0.73
person_094.png
236.80 120.89 292.02 178.83 0.82
person_251.png
248.75 79.41 294.70 133.11 0.82
368.81 73.43 410.93 127.51 0.81
482.55 93.23 509.64 124.60 0.87
person_193.png
204.57 144.61 243.04 189.46 0.90
343.27 161.86 380.87 195.91 0.84
crop001688.png
652.06 192.34 726.09 288.88 0.83
person_107.png
288.09 112.33 343.30 185.27 0.81
106.09 187.75 159.14 253.83 0.81
person_206.png
325.30 173.89 371.14 218.63 0.89
person_and_bike_086.png
334.22 56.86 378.17 101.52 0.85
crop001512.png
881.50 278.39 953.49 353.98 0.90
565.19 284.76 614.51 349.31 0.76
356.99 260.90 401.00 312.74 0.76
person_028.png
193.84 72.66 254.63 147.59 0.76
person_014.png
213.89 115.98 271.19 186.41 0.71
person_and_bike_103.png
person_010.png
229.45 152.32 287.25 213.41 0.90
person_037.png
249.99 232.68 288.54 278.85 0.94
person_118.png
206.91 206.57 231.27 237.45 0.85
155.76 216.44 180.61 244.78 0.84
person_325.png
174.65 117.63 215.34 160.09 0.88
252.66 113.62 293.89 155.11 0.90
person_194.png
361.90 181.29 389.06 208.30 0.89
278.17 187.99 302.40 211.70 0.84
419.23 183.54 441.03 208.00 0.79
crop_000027.png
469.76 49.06 544.40 145.01 0.84
129.37 42.72 189.70 120.55 0.84
crop_000020.png
295.74 70.56 345.26 130.87 0.94
person_137.png
168.44 105.12 200.89 136.22 0.83
325.02 93.40 356.32 125.31 0.80
223.80 91.18 250.96 120.49 0.77
person_280.png
283.81 161.89 320.53 197.44 0.84
person_076.png
299.58 128.89 353.88 183.76 0.90
crop_000006.png
person_and_bike_108.png
person_250.png
246.91 94.32 295.64 152.06 0.71
151.09 102.11 195.61 147.17 0.88
crop001593.png
420.86 223.41 448.02 252.83 0.72
person_323.png
297.34 105.95 346.61 157.18 0.89
176.41 74.67 218.95 117.44 0.91
person_and_bike_188.png
356.62 187.48 377.83 209.24 0.86
person_and_bike_058.png
204.81 46.97 251.84 101.12 0.87
person_and_bike_083.png
272.55 35.53 321.08 98.95 0.81
crop_000009.png
360.94 67.05 431.17 160.88 0.85
person_315.png
person_011.png
204.68 150.36 251.78 208.90 0.87
crop_000012.png
226.59 151.90 279.91 222.29 0.80
person_and_bike_012.png
248.05 87.54 302.04 141.41 0.89
357.54 67.94 409.60 122.18 0.82
person_008.png
202.40 114.31 259.25 170.89 0.78
person_and_bike_056.png
343.03 38.28 387.74 94.94 0.82
person_236.png
333.51 143.27 368.25 180.07 0.86
459.32 164.48 484.67 189.46 0.78
226.48 156.80 248.53 179.60 0.78
160.48 186.04 181.01 207.14 0.77
crop001716.png
244.57 260.98 285.36 303.98 0.80
crop_000019.png
493.50 81.74 555.53 163.91 0.93
person_136.png
341.51 131.66 371.17 169.95 0.71
259.72 149.32 289.87 185.53 0.85
person_and_bike_038.png
535.34 122.55 571.64 160.64 0.71
333.73 129.71 359.61 161.38 0.81
101.10 129.82 121.88 155.41 0.81
person_and_bike_080.png
424.04 36.84 472.88 100.77 0.84
crop001719.png
411.63 381.87 457.63 436.48 0.71
781.64 421.24 823.29 467.59 0.82
crop_000025.png
390.19 84.38 447.45 159.71 0.86
person_and_bike_090.png
163.98 57.55 211.87 112.21 0.89
crop001683.png
277.77 183.10 311.34 227.06 0.73
person_159.png
328.17 159.03 352.77 184.20 0.86
392.52 184.19 418.53 207.71 0.79
225.28 188.18 244.85 209.43 0.75
person_and_bike_164.png
277.83 37.57 323.40 97.52 0.77
person_335.png
292.53 160.78 326.28 191.04 0.75
crop001533.png
781.79 331.90 819.77 373.82 0.84
234.30 343.16 265.49 375.46 0.76
person_and_bike_014.png
362.60 68.80 404.14 118.26 0.88
person_217.png
263.19 214.00 297.85 246.04 0.85
64.54 194.52 93.04 223.20 0.85
456.60 185.87 483.80 213.44 0.80
384.89 192.13 410.85 219.55 0.82
179.26 202.95 200.78 225.17 0.80
crop001660.png
359.22 317.16 405.36 370.22 0.77
crop001590.png
802.53 138.45 887.20 246.92 0.79
crop_000004.png
176.87 58.41 207.21 97.11 0.82
person_012.png
223.36 193.37 273.51 246.63 0.89
person_161.png
306.46 97.22 356.45 151.03 0.93
person_and_bike_106.png
