person_089.png
186.68 152.53 298.75 484.42 1.00
person_290.png
308.22 147.72 419.77 425.40 1.00
person_and_bike_029.png
200.29 148.27 305.50 458.96 1.00
566.11 120.77 609.84 260.18 0.97
person_and_bike_153.png
378.96 143.52 469.17 410.60 1.00
person_188.png
418.89 192.37 473.72 370.36 1.00
265.49 174.71 321.49 334.44 1.00
351.21 187.34 403.34 352.16 1.00
214.57 185.95 265.68 336.46 1.00
1.69 189.49 34.85 279.38 0.79
crop001545.png
392.94 220.58 562.12 700.26 0.99
crop001531.png
246.05 208.94 358.45 532.66 0.99
24.66 236.99 97.71 419.47 0.98
person_135.png
183.70 138.66 263.78 404.92 1.00
310.01 131.37 388.67 393.44 1.00
252.76 149.69 323.29 394.41 1.00
crop001658.png
368.56 177.01 438.89 388.41 0.99
301.88 188.98 369.69 379.36 1.00
231.40 192.09 298.66 379.91 0.99
person_and_bike_107.png
250.64 15.07 417.99 413.76 0.97
person_and_bike_064.png
221.21 38.59 398.50 401.05 0.99
person_and_bike_165.png
220.41 39.94 360.74 375.61 0.99
person_and_bike_044.png
287.75 70.08 401.84 378.99 1.00
person_095.png
154.81 111.56 313.24 577.87 1.00
348.88 121.06 402.66 299.74 1.00
person_293.png
260.41 114.30 365.63 396.45 1.00
171.30 112.53 227.28 255.35 1.00
113.07 118.98 164.33 254.20 0.99
person_and_bike_181.png
322.46 181.46 399.94 395.71 1.00
257.45 184.09 325.23 393.40 1.00
person_and_bike_079.png
279.72 47.40 404.30 446.34 1.00
person_134.png
226.10 119.44 345.81 445.99 1.00
330.15 110.94 438.17 451.57 1.00
421.42 89.37 455.70 197.18 0.92
484.32 94.00 519.11 198.54 1.00
139.87 99.96 163.60 173.45 0.91
crop001604.png
314.38 203.64 422.42 522.39 1.00
person_092.png
201.34 129.29 327.22 523.35 1.00
crop001638.png
605.73 259.19 759.35 779.27 1.00
438.93 303.46 594.64 783.36 1.00
802.04 276.53 909.31 692.35 0.98
person_and_bike_113.png
174.21 17.55 371.04 381.18 0.99
person_336.png
359.29 106.19 456.84 374.33 1.00
291.07 124.41 371.65 381.62 0.99
120.62 128.28 150.94 221.83 0.99
78.30 136.79 105.46 201.49 0.93
crop001544.png
247.14 250.86 549.12 778.84 0.81
212.29 233.69 389.31 788.76 0.99
379.66 283.86 531.55 775.68 0.99
person_212.png
301.17 188.06 357.24 351.19 0.98
crop001631.png
188.36 269.68 261.39 472.54 0.99
286.90 256.55 353.58 468.20 0.99
person_104.png
157.65 193.74 279.35 508.03 1.00
280.14 203.29 383.32 507.94 1.00
person_and_bike_072.png
384.79 50.26 505.29 392.49 1.00
crop001520.png
482.94 252.70 654.91 775.18 0.99
296.70 267.81 426.94 735.79 1.00
crop001682.png
554.64 153.24 653.43 466.24 1.00
201.21 169.41 291.05 467.43 0.99
288.58 196.13 381.17 460.36 1.00
774.51 177.53 866.61 407.97 0.99
694.77 149.20 770.05 429.60 0.99
person_and_bike_073.png
234.62 43.38 334.59 434.95 1.00
person_and_bike_085.png
276.59 68.32 454.86 440.33 0.88
person_009.png
164.49 86.76 333.53 578.56 1.00
crop001684.png
253.25 95.09 304.62 223.13 1.00
person_218.png
218.13 99.78 338.93 474.97 1.00
332.82 122.22 411.06 394.21 1.00
person_and_bike_100.png
crop001659.png
636.95 223.06 714.49 467.46 1.00
crop_000001.png
184.55 75.01 324.81 639.79 0.86
142.48 79.23 270.34 635.22 0.99
crop_000018.png
240.53 61.40 471.29 571.66 0.97
person_and_bike_088.png
329.16 54.45 437.27 424.33 1.00
person_and_bike_093.png
246.39 42.74 377.54 379.77 0.99
person_and_bike_140.png
251.93 139.22 342.41 399.30 1.00
person_and_bike_057.png
244.85 44.37 353.63 388.34 1.00
crop_000008.png
424.26 70.29 644.40 645.23 0.98
person_and_bike_061.png
293.01 36.88 405.88 400.35 0.99
person_and_bike_126.png
359.32 145.22 453.12 410.99 1.00
286.19 143.68 371.26 401.78 1.00
118.61 133.96 172.31 297.83 1.00
527.69 149.03 557.26 234.66 0.98
483.18 155.26 506.72 211.61 0.79
person_034.png
128.68 35.17 271.83 614.96 1.00
person_013.png
207.89 221.44 315.46 528.00 1.00
person_and_bike_055.png
226.70 61.38 350.86 383.30 1.00
crop001504.png
333.38 275.49 396.47 459.45 0.99
256.38 281.18 322.44 451.21 0.99
person_132.png
455.88 175.89 509.57 330.15 1.00
383.22 188.09 438.73 330.42 1.00
198.12 185.56 244.64 330.01 1.00
294.88 184.91 336.97 328.40 0.99
244.12 179.97 281.39 322.62 0.86
102.26 211.01 142.96 333.04 0.99
person_071.png
195.85 76.93 324.30 430.40 1.00
crop001633.png
323.16 299.33 456.07 585.03 0.99
784.78 372.28 902.42 652.55 0.99
899.14 306.21 982.47 569.74 0.98
person_and_bike_035.png
169.67 135.26 243.89 425.44 1.00
269.36 129.13 337.36 419.02 1.00
person_317.png
203.17 158.40 276.57 396.98 1.00
332.05 144.06 399.03 379.44 1.00
person_and_bike_062.png
267.56 36.23 397.14 410.54 0.99
crop_000015.png
237.42 104.38 446.20 675.54 0.99
person_062.png
397.26 156.68 489.69 430.81 1.00
person_065.png
257.99 126.38 351.88 448.92 1.00
person_127.png
330.48 78.95 447.87 397.44 1.00
249.24 113.73 335.78 403.55 1.00
crop_000005.png
49.99 50.71 138.69 314.22 1.00
172.72 62.71 250.18 321.46 1.00
person_051.png
279.71 106.26 394.34 434.44 1.00
person_and_bike_110.png
268.78 0.00 406.07 359.11 0.99
person_and_bike_161.png
248.71 53.71 384.95 400.04 0.99
person_and_bike_177.png
108.53 127.92 258.02 573.37 0.99
crop001670.png
772.46 239.96 927.05 603.37 0.99
402.62 251.77 536.47 568.70 0.97
176.93 231.90 293.61 540.19 0.99
572.18 271.85 688.35 561.51 0.99
311.85 248.22 416.72 538.53 0.93
person_and_bike_043.png
304.56 42.73 410.56 398.69 1.00
crop001723.png
372.67 186.93 445.50 423.62 1.00
person_272.png
299.96 56.36 437.55 472.27 1.00
50.26 70.80 183.79 471.14 1.00
438.44 53.67 576.20 429.40 1.00
168.92 79.15 285.76 461.98 1.00
person_263.png
186.89 129.32 280.62 461.99 1.00
287.07 126.64 379.66 462.92 0.98
80.07 138.66 157.33 361.44 0.86
361.97 159.70 428.14 398.45 0.98
crop001514.png
543.86 249.71 667.52 648.92 1.00
359.84 231.60 474.52 623.31 1.00
293.64 235.22 372.07 474.19 0.99
person_and_bike_160.png
268.84 29.76 420.97 471.32 0.99
person_and_bike_047.png
272.43 57.48 400.18 400.29 1.00
person_and_bike_098.png
220.49 0.00 404.32 391.84 1.00
person_204.png
324.97 101.75 453.44 410.05 0.99
92.09 74.16 173.94 318.97 1.00
563.38 132.96 638.50 387.52 0.92
240.42 158.31 320.33 392.51 1.00
504.01 92.83 565.78 278.60 0.99
451.30 97.95 487.06 210.13 0.99
person_and_bike_050.png
281.44 21.35 457.08 454.07 1.00
person_040.png
171.90 150.35 309.96 486.91 1.00
person_026.png
163.97 35.86 330.36 639.00 1.00
person_303.png
249.20 153.39 351.09 469.35 0.99
374.04 137.23 469.94 427.39 1.00
146.47 139.22 212.34 395.83 0.99
206.74 127.25 263.82 354.05 0.98
119.13 122.59 172.36 340.04 0.89
473.75 121.67 526.31 281.62 0.99
person_070.png
220.01 153.86 313.11 412.11 1.00
crop001706.png
726.79 134.76 973.14 877.93 1.00
person_and_bike_163.png
165.60 39.95 316.07 425.77 1.00
person_038.png
216.54 197.71 340.00 525.96 1.00
person_053.png
298.40 106.63 397.04 440.17 1.00
crop001549.png
519.92 243.05 647.95 592.00 1.00
person_200.png
181.92 200.58 256.89 343.20 0.86
299.19 198.54 349.31 353.00 0.99
252.85 196.55 301.40 354.30 1.00
358.88 217.61 414.07 351.52 0.99
418.79 197.13 461.94 342.73 0.99
481.47 216.10 524.90 354.36 0.99
219.70 200.01 260.26 343.98 0.98
191.54 199.01 227.90 340.80 0.91
79.37 211.93 112.23 349.31 0.97
113.09 200.49 141.44 343.01 0.95
525.07 196.85 552.61 295.30 0.97
567.40 204.01 595.65 296.01 0.99
person_and_bike_092.png
250.87 39.04 390.31 370.74 0.89
crop_000016.png
586.19 95.52 756.76 664.88 1.00
person_and_bike_027.png
240.36 123.93 310.87 316.93 0.99
306.92 140.49 370.71 330.71 1.00
person_and_bike_067.png
251.60 51.13 375.96 365.13 1.00
person_007.png
137.87 102.09 259.55 474.86 1.00
person_350.png
135.97 71.84 248.02 477.28 0.99
275.65 107.94 394.94 444.07 0.98
494.35 125.10 585.43 428.75 1.00
person_and_bike_133.png
255.64 114.28 352.29 404.45 1.00
354.12 147.21 425.70 402.76 0.99
person_063.png
303.29 169.93 407.77 407.20 1.00
person_189.png
270.53 122.34 368.30 421.69 1.00
361.75 130.08 435.73 400.73 1.00
crop001676.png
218.53 210.45 369.03 826.38 0.96
398.63 372.16 547.39 762.55 0.97
240.42 395.21 381.89 771.50 0.89
615.39 377.30 746.01 780.88 1.00
785.83 446.05 895.61 785.93 0.99
940.67 467.20 1040.26 775.21 0.99
person_and_bike_049.png
295.23 30.89 422.84 394.86 1.00
person_207.png
400.13 179.62 485.88 411.58 1.00
301.87 171.01 359.62 329.52 0.98
187.74 167.78 233.49 316.43 0.99
252.91 195.17 292.58 298.44 0.84
crop001725.png
194.96 204.21 258.47 391.44 0.99
person_and_bike_087.png
268.09 22.97 421.05 388.60 0.95
crop001704.png
406.39 286.12 636.92 749.66 0.97
83.68 295.92 253.56 771.44 0.99
crop001555.png
444.67 351.71 539.23 575.34 1.00
286.73 344.65 373.89 561.39 0.99
153.67 177.92 232.92 390.23 0.99
740.41 356.02 810.19 524.23 0.99
person_and_bike_065.png
190.95 34.24 325.12 328.60 1.00
person_198.png
189.72 85.56 309.92 441.05 1.00
315.80 112.53 426.90 422.15 1.00
person_033.png
141.78 99.81 319.44 639.00 1.00
crop001715.png
473.02 224.05 601.71 664.62 1.00
373.14 249.22 503.04 652.36 1.00
person_and_bike_159.png
249.83 36.14 400.74 435.39 0.99
person_120.png
243.65 169.98 344.45 446.60 1.00
161.03 182.18 258.62 452.32 1.00
person_058.png
316.34 118.48 400.27 386.54 0.99
person_and_bike_136.png
384.05 149.16 454.02 370.39 1.00
325.56 159.08 391.55 375.61 0.99
199.43 170.54 270.25 349.36 1.00
118.21 165.59 182.47 356.58 1.00
334.13 0.00 380.03 140.16 0.76
75.26 180.35 115.73 316.45 0.89
person_087.png
220.77 180.17 339.15 560.16 1.00
person_039.png
196.88 231.83 267.20 408.62 1.00
person_337.png
314.67 174.14 384.96 399.03 0.99
262.55 148.07 329.76 351.89 0.99
187.25 151.71 252.58 344.67 1.00
70.50 139.08 136.74 320.30 0.99
139.83 165.97 192.94 312.80 0.99
person_and_bike_099.png
200.55 0.00 399.57 382.55 1.00
person_248.png
257.36 128.18 375.98 428.91 1.00
369.39 168.16 479.98 430.57 0.99
crop_000604.png
78.93 57.33 165.00 290.26 1.00
300.36 37.17 370.53 296.96 1.00
162.75 89.10 219.96 309.68 0.99
person_and_bike_105.png
246.62 38.33 422.08 386.48 0.92
person_316.png
326.72 191.91 414.91 474.14 0.98
284.38 197.02 347.96 447.95 1.00
crop001654.png
299.32 226.67 452.57 689.43 1.00
person_098.png
282.56 107.19 438.96 512.03 1.00
101.19 156.67 250.10 511.81 0.99
53.74 120.23 137.44 512.15 0.96
person_100.png
151.28 225.02 240.11 482.57 1.00
324.07 225.75 398.62 470.93 1.00
person_314.png
472.75 110.04 598.80 452.54 1.00
172.56 139.18 262.91 396.86 1.00
person_347.png
252.50 116.29 354.78 392.54 1.00
434.51 167.94 502.09 370.19 1.00
360.43 142.54 386.83 214.88 0.87
crop001634.png
213.22 173.37 334.61 459.80 0.99
person_164.png
241.34 145.49 328.73 386.43 1.00
crop001511.png
310.97 260.35 450.53 747.97 1.00
crop001573.png
582.63 253.64 684.02 558.12 1.00
792.57 273.12 899.05 563.00 0.99
223.36 266.86 316.00 561.57 1.00
312.33 294.66 411.89 560.52 0.99
506.69 257.89 590.97 550.65 0.99
person_030.png
128.11 31.49 274.59 624.34 1.00
person_and_bike_094.png
227.44 43.13 387.59 378.96 1.00
person_073.png
304.70 196.11 389.46 430.87 0.99
crop001566.png
113.70 149.46 218.46 458.29 0.99
240.82 295.79 306.93 442.60 0.99
crop_000024.png
173.27 114.86 342.86 619.61 1.00
person_and_bike_042.png
298.78 52.57 429.70 381.50 0.99
crop_000003.png
308.20 51.05 435.99 431.15 1.00
person_088.png
155.53 145.58 303.90 542.76 1.00
342.33 137.71 402.64 326.36 0.99
404.76 145.14 456.55 313.54 0.99
crop_000023.png
471.48 77.80 656.94 556.92 1.00
crop_000002.png
100.59 62.86 215.24 479.98 1.00
crop001607.png
296.80 167.87 398.94 510.76 1.00
193.04 151.99 287.09 512.09 1.00
787.13 132.13 894.26 401.94 1.00
498.83 127.28 579.99 398.99 1.00
622.52 144.53 696.45 394.72 1.00
408.78 149.34 480.02 401.63 0.99
735.63 154.24 805.95 393.45 0.99
685.39 147.81 745.29 399.81 0.99
567.23 149.76 625.79 388.56 0.96
person_and_bike_052.png
263.15 46.29 411.56 406.13 0.99
person_and_bike_114.png
259.04 48.97 387.54 446.62 1.00
person_222.png
393.21 62.67 504.44 449.98 1.00
159.26 76.15 264.93 445.75 1.00
333.72 84.06 382.17 253.39 0.72
person_064.png
232.30 135.09 372.20 454.55 1.00
person_246.png
166.84 62.72 414.69 458.50 0.89
192.50 20.87 307.30 458.88 1.00
277.17 82.34 396.05 469.42 1.00
person_and_bike_069.png
281.75 39.74 416.46 444.47 1.00
person_265.png
71.84 60.66 178.65 393.57 1.00
394.45 163.96 468.21 394.71 1.00
495.07 181.35 564.02 398.36 1.00
309.14 199.14 374.04 402.14 0.99
person_and_bike_089.png
218.62 49.06 347.79 385.43 1.00
person_and_bike_071.png
256.79 59.21 383.29 463.78 1.00
person_085.png
221.02 154.90 358.82 543.72 0.99
132.69 175.21 221.70 482.21 1.00
person_and_bike_053.png
255.23 27.58 377.50 389.48 0.99
crop_000007.png
545.60 114.54 743.09 582.01 0.99
crop001639.png
750.22 211.33 966.12 800.86 0.99
538.45 173.46 712.72 721.05 0.99
115.91 225.23 276.44 774.05 0.99
person_and_bike_051.png
293.22 78.65 399.08 368.67 0.97
person_075.png
267.78 177.20 333.36 354.16 1.00
person_099.png
181.51 111.79 342.10 548.53 1.00
crop001602.png
282.61 324.91 463.65 875.52 1.00
crop001722.png
131.82 335.42 266.27 822.76 1.00
person_186.png
253.57 174.42 323.57 380.90 1.00
342.71 164.99 408.31 376.10 1.00
crop001661.png
311.73 246.80 462.57 596.36 0.97
428.86 232.53 521.35 589.92 0.92
person_249.png
465.86 159.18 537.19 421.25 0.99
218.14 177.52 294.93 417.23 0.99
417.27 172.42 492.76 396.09 0.90
283.62 169.02 346.52 415.00 0.99
person_and_bike_006.png
201.80 68.31 319.41 405.57 1.00
person_247.png
315.68 143.61 394.56 381.40 1.00
256.24 146.01 317.73 379.70 0.99
person_015.png
209.06 195.45 274.87 393.39 1.00
person_and_bike_063.png
254.07 37.70 409.21 410.63 0.99
crop001522.png
562.43 206.01 748.78 811.22 0.99
916.08 188.78 983.96 359.40 0.96
person_and_bike_162.png
223.04 61.29 366.69 427.76 1.00
person_230.png
246.86 131.54 371.58 432.27 1.00
409.21 141.43 519.51 458.25 1.00
150.69 137.86 214.57 318.82 1.00
115.84 155.26 142.51 235.57 0.96
person_191.png
396.36 166.58 472.03 384.17 1.00
483.28 176.28 542.34 368.74 1.00
336.85 180.15 395.53 355.03 0.99
187.40 175.12 264.65 300.67 0.79
181.33 178.37 221.98 300.62 1.00
226.05 174.84 262.03 297.88 0.99
267.37 199.82 301.29 299.14 0.98
person_138.png
177.59 80.32 302.48 387.76 0.99
326.14 83.82 441.41 374.12 1.00
477.47 43.85 573.08 372.86 1.00
person_and_bike_059.png
249.78 64.25 380.16 393.16 1.00
person_and_bike_141.png
210.37 49.50 344.30 419.64 1.00
person_and_bike_190.png
292.21 128.49 378.49 386.46 1.00
216.26 141.50 298.42 370.28 1.00
person_056.png
293.93 67.03 416.16 445.13 0.99
crop001574.png
208.27 199.50 301.89 488.12 1.00
person_and_bike_004.png
133.94 30.58 329.27 639.00 0.99
person_036.png
198.10 88.12 363.59 580.29 1.00
person_and_bike_045.png
185.50 35.25 338.88 456.13 1.00
person_029.png
79.13 74.08 251.80 619.08 1.00
person_and_bike_149.png
204.28 184.02 302.60 444.69 1.00
person_and_bike_101.png
209.93 40.53 353.19 354.59 0.98
crop001724.png
88.22 156.06 147.55 420.46 0.78
216.73 148.67 283.59 339.00 1.00
person_052.png
282.14 103.33 370.75 421.72 1.00
person_and_bike_112.png
191.93 0.00 369.20 353.08 0.99
person_and_bike_048.png
193.03 55.28 354.64 359.48 0.96
person_210.png
331.52 150.84 416.89 400.44 1.00
252.15 149.25 330.13 406.65 1.00
crop_000021.png
290.52 56.43 455.50 518.37 1.00
person_105.png
223.41 110.84 351.34 502.38 1.00
117.66 115.10 230.21 498.45 1.00
person_032.png
137.14 54.12 340.80 639.00 1.00
crop001718.png
617.51 377.67 722.73 680.03 1.00
818.02 391.48 920.97 680.66 1.00
503.65 366.99 583.55 577.21 0.98
919.09 390.09 982.82 568.58 0.98
person_318.png
218.40 114.68 300.95 359.01 1.00
301.31 130.83 378.52 328.43 0.98
person_093.png
264.71 145.65 386.16 536.80 1.00
109.13 138.04 227.85 518.01 1.00
person_306.png
151.09 133.83 253.50 440.38 0.99
252.97 147.49 341.75 419.38 1.00
422.25 172.57 452.64 250.87 0.91
person_and_bike_060.png
244.48 36.59 365.36 380.60 1.00
person_and_bike_109.png
226.04 49.72 361.22 361.34 0.94
person_and_bike_046.png
216.91 56.33 342.19 356.77 0.99
person_and_bike_054.png
205.97 30.69 368.50 439.71 1.00
person_and_bike_095.png
179.76 54.43 307.93 412.70 0.99
crop_000026.png
693.69 113.02 840.41 531.25 1.00
341.44 150.25 459.22 453.72 0.99
514.66 185.65 605.99 496.08 0.99
145.09 278.89 241.58 495.04 0.99
person_and_bike_066.png
239.29 37.59 378.61 391.16 1.00
person_and_bike_082.png
304.07 27.70 436.20 403.29 1.00
crop_000017.png
488.89 61.60 710.38 708.65 1.00
crop001664.png
672.20 325.82 711.34 437.56 0.84
person_096.png
176.01 103.33 345.73 526.46 1.00
379.49 35.23 432.04 263.33 0.98
339.91 71.10 380.63 246.81 0.95
person_and_bike_104.png
308.10 67.28 488.02 442.26 0.99
person_and_bike_076.png
313.89 35.88 419.06 369.26 0.99
143.37 29.67 224.36 252.66 0.99
crop001521.png
196.54 173.45 264.22 411.44 0.99
545.59 186.70 607.31 387.32 0.98
260.31 182.74 318.85 376.29 0.97
488.71 179.71 542.99 373.40 0.88
419.21 161.94 471.77 341.10 0.97
374.78 181.79 424.44 365.45 0.93
person_055.png
273.73 133.93 386.93 475.20 1.00
crop001501.png
826.11 175.01 887.59 317.39 1.00
245.00 144.99 302.44 290.43 0.97
217.70 359.47 271.90 464.17 0.90
556.55 324.44 611.94 423.29 0.96
person_255.png
222.39 152.25 303.85 378.24 1.00
407.46 153.23 480.45 391.91 1.00
person_and_bike_096.png
196.25 30.89 327.17 381.66 0.99
person_and_bike_077.png
378.33 35.15 481.93 325.25 1.00
person_059.png
305.48 135.97 396.99 414.99 1.00
person_and_bike_028.png
253.34 133.66 345.31 424.59 1.00
474.09 116.68 518.61 233.14 0.99
442.33 123.33 474.77 221.30 0.97
person_and_bike_084.png
263.18 57.04 425.85 461.39 0.95
person_and_bike_102.png
246.18 41.92 359.02 406.36 1.00
person_and_bike_189.png
223.96 96.65 378.00 477.77 0.99
person_190.png
354.22 117.39 451.10 423.59 1.00
127.79 120.70 205.70 366.45 0.99
444.37 120.23 514.77 376.30 0.97
262.28 151.58 325.88 368.41 1.00
person_282.png
261.79 142.80 351.80 419.33 1.00
89.46 139.75 127.99 227.60 0.94
person_and_bike_111.png
284.85 7.18 409.89 373.21 0.99
person_115.png
159.13 92.06 388.48 549.70 0.82
40.72 88.66 179.74 587.26 1.00
151.19 90.52 266.59 528.86 1.00
252.95 119.03 370.81 519.62 1.00
person_and_bike_070.png
224.64 39.09 352.48 404.44 0.99
person_090.png
223.69 148.74 330.54 532.52 1.00
crop_000013.png
174.77 132.52 364.61 627.59 0.97
crop001641.png
person_and_bike_097.png
273.99 3.85 492.05 466.76 1.00
person_216.png
344.23 125.32 443.11 458.05 1.00
210.43 130.30 307.34 393.25 0.99
person_and_bike_091.png
207.33 14.79 393.89 396.80 0.88
158.70 26.14 330.70 431.71 0.94
crop001653.png
327.82 195.00 427.18 499.03 1.00
person_and_bike_081.png
280.81 41.66 427.26 463.26 1.00
person_122.png
204.16 220.40 283.68 454.63 1.00
crop001546.png
416.54 222.66 537.03 636.85 0.98
539.21 235.03 624.68 613.04 0.89
person_094.png
180.23 110.31 331.47 552.01 1.00
person_251.png
326.93 76.54 467.28 425.69 1.00
214.58 62.30 325.92 441.95 1.00
466.83 98.74 525.17 269.83 0.99
person_193.png
178.82 137.85 283.92 440.04 1.00
327.61 163.25 410.21 386.99 1.00
570.95 157.79 608.32 283.15 0.98
435.91 189.50 469.31 292.21 0.99
crop001688.png
591.98 169.30 778.13 955.46 0.99
person_107.png
221.91 108.19 387.82 614.70 0.99
69.06 179.93 202.08 619.43 1.00
person_206.png
301.98 174.18 394.68 446.91 1.00
person_and_bike_086.png
268.34 53.33 431.60 405.79 0.99
crop001512.png
850.12 281.90 998.86 766.07 0.99
518.04 286.51 673.80 669.17 1.00
317.93 260.92 437.36 583.43 1.00
person_028.png
148.88 55.10 323.40 624.71 1.00
person_014.png
166.15 127.96 325.15 552.21 1.00
37.73 113.16 76.29 219.18 0.99
person_and_bike_103.png
282.18 31.08 441.40 327.78 0.92
person_010.png
209.39 151.80 312.23 564.85 1.00
39.38 240.04 80.83 327.48 0.90
person_037.png
223.98 230.58 332.95 534.65 1.00
person_118.png
183.64 206.67 253.80 387.81 0.99
136.90 216.57 189.75 381.21 1.00
person_325.png
223.48 108.23 324.35 402.49 1.00
145.78 110.75 226.23 384.74 1.00
person_194.png
263.18 186.81 319.20 355.22 1.00
352.96 184.38 404.55 349.02 0.99
405.10 181.48 457.71 339.47 1.00
313.11 191.32 354.40 349.60 0.99
crop_000027.png
443.89 56.06 624.90 666.85 1.00
54.41 27.08 224.75 607.57 0.99
crop_000020.png
259.57 61.88 392.62 511.05 1.00
person_137.png
303.24 83.65 368.97 298.47 1.00
215.92 86.29 274.93 307.53 1.00
116.94 63.32 169.42 288.12 0.94
153.35 103.63 212.63 299.31 0.99
381.43 124.47 434.15 290.24 0.99
person_280.png
262.77 161.96 346.23 403.07 1.00
339.79 155.47 395.92 337.96 0.95
496.42 151.59 543.98 298.65 0.98
463.33 162.88 503.28 298.07 0.99
person_076.png
268.75 144.54 382.48 446.12 1.00
crop_000006.png
163.23 81.09 373.23 592.44 1.00
person_and_bike_108.png
276.92 0.00 395.64 355.38 0.96
person_250.png
226.55 81.96 339.73 461.59 1.00
351.71 78.60 455.91 419.96 0.97
117.33 93.95 217.26 396.91 1.00
crop001593.png
398.64 213.15 464.22 418.99 1.00
625.07 234.66 691.44 422.88 0.98
485.68 238.37 546.19 434.14 0.98
321.84 244.90 385.40 420.90 1.00
264.10 242.41 312.59 401.52 0.99
person_323.png
260.67 101.87 380.79 413.18 1.00
142.12 77.09 251.96 401.27 1.00
person_and_bike_188.png
339.34 180.47 405.72 360.90 1.00
292.44 192.21 326.20 274.37 0.98
person_and_bike_058.png
175.39 61.67 288.61 400.12 1.00
person_and_bike_083.png
234.05 19.53 368.54 438.07 0.99
crop_000009.png
251.84 56.44 533.38 657.66 1.00
person_315.png
330.03 208.50 404.93 397.50 1.00
521.90 180.56 573.85 330.22 0.99
479.78 192.99 525.82 326.59 1.00
person_011.png
167.39 157.72 299.25 497.16 1.00
crop_000012.png
180.97 137.33 368.83 631.08 1.00
person_and_bike_012.png
342.12 73.04 448.92 426.36 1.00
213.83 73.46 308.69 425.70 1.00
9.48 67.09 62.13 222.88 0.99
person_008.png
163.94 120.79 326.28 563.64 1.00
person_and_bike_056.png
308.02 34.89 436.79 374.06 0.99
person_236.png
306.14 141.04 404.59 409.79 1.00
532.62 154.52 603.29 365.44 1.00
207.67 154.99 262.73 328.19 1.00
445.39 159.12 495.24 331.45 0.99
483.14 175.87 524.98 362.46 0.73
148.28 184.29 196.80 318.27 0.99
99.08 190.00 142.38 328.32 0.97
crop001716.png
49.91 247.13 157.57 534.75 1.00
218.55 255.46 305.26 557.09 1.00
crop_000019.png
427.06 92.38 627.59 664.01 1.00
person_136.png
321.96 125.03 402.92 394.28 1.00
229.60 146.23 309.19 389.22 1.00
person_and_bike_038.png
453.05 108.35 604.11 439.89 0.99
300.39 130.31 377.91 321.99 1.00
82.53 129.13 139.65 272.14 0.99
267.89 125.82 318.19 283.89 0.95
person_and_bike_080.png
377.27 29.87 520.54 464.95 1.00
crop001719.png
345.71 379.20 472.93 731.69 1.00
442.45 370.12 554.18 727.79 0.99
894.50 437.26 1013.20 736.46 0.73
751.10 420.42 845.64 728.87 1.00
948.63 455.08 1034.93 741.76 0.98
883.52 441.87 954.53 742.07 0.96
crop_000025.png
291.08 93.87 516.69 644.42 1.00
person_and_bike_090.png
127.78 56.20 238.45 416.46 1.00
crop001683.png
336.96 142.87 447.79 479.11 0.99
219.09 182.09 320.25 495.16 0.99
person_159.png
306.09 149.53 373.30 355.10 0.99
455.02 166.33 511.81 316.72 0.99
379.91 180.44 430.07 345.72 0.97
263.87 170.69 314.81 325.34 0.98
208.72 185.14 260.12 336.54 1.00
185.29 178.79 215.21 281.96 0.93
person_and_bike_164.png
219.28 43.08 372.43 429.37 0.99
person_335.png
264.15 159.40 361.01 366.45 1.00
180.16 144.49 223.09 272.26 0.99
226.85 160.99 259.98 268.54 0.93
crop001533.png
749.14 330.81 855.99 650.20 1.00
210.64 335.25 286.78 563.98 0.98
409.16 342.87 476.89 543.76 0.97
635.51 352.24 700.30 547.38 1.00
person_and_bike_014.png
329.65 63.44 446.25 371.48 1.00
548.34 98.40 579.53 186.97 0.98
person_217.png
237.63 191.27 325.06 444.85 1.00
432.13 192.55 504.54 388.40 1.00
46.46 191.77 112.69 396.70 1.00
363.60 189.52 427.12 390.21 0.99
159.57 197.33 215.45 375.57 0.99
crop001660.png
300.96 300.48 421.04 689.49 0.99
crop001590.png
713.90 129.25 937.75 946.36 0.99
crop_000004.png
148.31 60.57 248.75 342.05 0.99
person_012.png
212.31 201.25 291.90 472.10 1.00
person_161.png
275.78 104.60 381.71 425.18 1.00
375.73 115.82 410.57 247.12 0.98
person_and_bike_106.png
242.66 41.19 423.51 371.64 0.99