person_089.png
193.22 159.75 294.71 478.33 0.98
person_290.png
304.84 133.96 416.27 424.21 0.97
person_and_bike_029.png
196.43 151.22 307.51 456.07 0.99
person_and_bike_153.png
381.22 134.09 467.69 410.79 0.89
person_188.png
416.07 195.03 473.37 369.67 0.95
263.15 173.34 320.72 335.98 0.97
352.01 187.50 402.06 352.76 0.93
216.57 181.20 264.52 337.02 0.92
crop001545.png
389.05 216.81 562.12 715.70 0.99
crop001531.png
254.37 216.43 358.19 533.39 0.98
person_135.png
183.96 150.96 262.96 402.50 0.95
313.24 136.96 389.30 391.55 0.85
257.05 154.11 318.94 394.81 0.79
crop001658.png
373.11 180.97 439.80 383.80 0.78
230.65 190.88 299.37 372.61 0.96
302.91 189.93 366.03 374.40 0.71
person_and_bike_107.png
248.48 23.10 399.77 412.19 0.97
person_and_bike_064.png
228.13 40.85 397.87 413.41 0.98
person_and_bike_165.png
228.74 45.13 365.88 356.90 0.99
person_and_bike_044.png
284.44 71.29 403.13 369.78 0.98
person_095.png
161.68 92.03 318.44 582.31 0.88
347.08 125.79 403.75 301.50 0.94
person_293.png
255.84 105.66 359.85 397.67 0.96
171.96 109.39 225.83 254.22 0.97
112.22 117.28 161.42 251.39 0.93
person_and_bike_181.png
323.46 184.00 400.24 394.75 0.96
259.26 181.59 321.27 395.22 0.91
person_and_bike_079.png
271.50 55.49 410.87 429.95 0.99
person_134.png
225.55 117.47 341.59 443.31 0.98
333.64 113.26 437.48 445.91 0.93
485.43 95.17 519.67 197.01 0.93
crop001604.png
319.99 205.31 416.40 534.17 0.98
person_092.png
206.90 117.02 327.66 523.54 0.97
crop001638.png
431.38 321.87 588.78 787.92 0.95
614.45 279.60 761.63 773.27 0.81
796.53 273.77 909.20 714.88 0.89
person_and_bike_113.png
178.66 4.78 357.82 385.00 0.97
person_336.png
358.16 97.91 459.86 374.52 0.93
285.31 126.58 371.30 378.91 0.93
119.78 131.07 151.12 218.56 0.76
crop001544.png
209.29 213.56 397.09 790.17 0.91
395.17 283.42 537.24 782.17 0.78
person_212.png
303.31 181.31 359.07 356.50 0.87
crop001631.png
183.71 271.71 260.84 480.87 0.92
288.57 270.12 357.42 459.06 0.89
person_104.png
162.43 186.74 275.55 515.23 0.97
280.58 219.78 378.69 498.67 0.97
person_and_bike_072.png
380.72 47.03 501.33 394.49 0.98
crop001520.png
481.19 218.87 644.71 808.55 0.96
294.37 245.08 420.91 745.79 0.96
crop001682.png
549.75 159.49 647.97 454.70 0.97
284.61 185.81 384.42 466.25 0.89
207.33 172.81 286.94 465.19 0.91
775.78 175.54 872.32 412.89 0.88
693.80 161.99 767.34 417.90 0.77
person_and_bike_073.png
226.73 46.48 336.00 439.28 0.95
person_and_bike_085.png
267.39 54.24 435.64 473.82 0.94
person_009.png
146.77 94.01 323.13 586.08 0.88
crop001684.png
254.41 97.06 304.91 223.30 0.94
person_218.png
220.71 103.06 347.32 479.00 0.87
333.12 119.13 414.83 400.19 0.81
person_and_bike_100.png
crop001659.png
638.97 227.54 710.90 471.28 0.96
crop_000001.png
161.82 82.90 341.02 630.37 0.89
crop_000018.png
230.31 58.17 465.13 569.91 0.97
person_and_bike_088.png
319.48 41.86 440.26 426.39 0.96
person_and_bike_093.png
240.66 42.28 381.08 383.24 0.98
person_and_bike_140.png
248.59 145.29 347.00 389.33 0.98
person_and_bike_057.png
235.46 45.91 356.66 379.12 0.97
crop_000008.png
437.91 65.65 634.28 662.48 0.81
person_and_bike_061.png
291.26 50.01 412.51 425.41 0.95
person_and_bike_126.png
367.58 138.12 456.88 409.76 0.95
287.65 141.95 369.03 406.18 0.92
120.11 135.14 172.32 300.53 0.97
person_034.png
126.15 75.43 296.94 604.80 0.90
person_013.png
211.97 211.77 311.79 529.73 0.96
person_and_bike_055.png
221.68 57.56 350.82 395.17 0.99
crop001504.png
335.78 275.97 398.63 464.12 0.88
260.84 277.70 320.77 455.52 0.85
person_132.png
383.19 179.46 435.90 333.32 0.97
197.94 182.77 250.03 329.06 0.92
457.68 176.24 505.24 326.68 0.91
294.27 186.32 339.69 332.00 0.70
103.54 212.54 143.47 329.39 0.93
person_071.png
197.54 72.68 318.03 416.75 0.98
crop001633.png
324.05 304.12 449.29 608.12 0.88
790.71 375.32 892.83 661.23 0.87
899.67 302.43 981.12 570.77 0.82
person_and_bike_035.png
266.52 125.42 347.53 410.30 0.93
166.61 136.14 245.88 425.02 0.92
person_317.png
205.94 153.66 275.06 394.72 0.96
333.47 143.80 397.79 379.51 0.88
person_and_bike_062.png
272.68 34.79 397.36 421.27 0.96
crop_000015.png
240.46 86.26 445.00 663.20 0.95
person_062.png
395.76 160.31 484.88 425.59 0.98
person_065.png
258.38 115.14 352.35 454.89 0.92
person_127.png
332.75 79.84 446.90 394.02 0.97
244.69 117.95 335.43 396.48 0.95
crop_000005.png
51.49 54.21 135.14 324.90 0.92
177.81 63.10 251.88 322.35 0.97
person_051.png
284.14 105.75 386.62 439.06 0.98
person_and_bike_110.png
271.46 0.00 407.09 355.50 0.98
person_and_bike_161.png
242.45 53.49 385.94 414.67 0.98
person_and_bike_177.png
97.13 130.60 257.14 586.89 0.95
crop001670.png
772.60 231.02 907.57 591.70 0.84
186.10 230.51 300.48 539.89 0.94
580.53 262.74 690.48 559.04 0.94
417.25 254.05 524.40 558.00 0.83
317.39 242.92 409.36 558.52 0.78
person_and_bike_043.png
300.59 39.38 419.02 379.02 0.98
crop001723.png
363.06 186.48 446.36 434.63 0.98
person_272.png
301.05 38.60 433.80 466.93 0.97
48.17 69.80 180.14 465.60 0.89
451.19 38.64 583.51 427.16 0.93
174.81 52.03 288.59 459.15 0.87
person_263.png
182.78 127.26 274.10 452.74 0.96
289.50 140.09 375.79 449.61 0.83
355.89 144.76 425.69 407.61 0.71
crop001514.png
541.16 253.28 665.12 650.43 0.95
368.29 230.70 473.36 636.38 0.92
person_and_bike_160.png
261.63 30.66 430.56 450.15 0.95
person_and_bike_047.png
268.52 56.02 397.30 398.47 0.98
person_and_bike_098.png
217.31 0.00 405.61 425.86 0.80
person_204.png
334.45 104.19 445.89 407.41 0.96
234.66 144.84 321.39 393.84 0.91
93.53 71.52 173.17 318.07 0.97
505.21 94.07 563.25 277.91 0.89
450.31 99.48 485.63 208.14 0.82
person_and_bike_050.png
291.56 21.03 450.44 469.29 0.98
person_040.png
171.05 152.23 309.75 495.45 0.97
person_026.png
150.19 93.38 329.29 621.30 0.90
person_303.png
248.33 132.72 352.06 479.00 0.79
380.40 132.78 468.73 425.22 0.93
131.60 129.13 198.43 373.28 0.82
112.37 124.01 179.66 337.75 0.84
207.26 129.52 265.09 358.76 0.79
473.59 123.94 523.73 278.50 0.90
person_070.png
221.13 136.60 312.19 410.85 0.91
crop001706.png
730.42 123.04 985.08 860.46 0.99
person_and_bike_163.png
157.35 39.48 315.83 443.11 0.98
person_038.png
223.44 202.92 331.53 519.28 0.98
person_053.png
294.97 124.97 396.92 423.68 0.97
crop001549.png
517.90 254.03 642.70 582.73 0.99
person_200.png
249.08 195.75 301.15 355.05 0.81
297.59 197.28 349.18 354.57 0.89
362.07 206.42 410.93 348.11 0.86
478.97 204.06 525.41 350.61 0.78
81.00 212.25 123.90 346.76 0.77
person_and_bike_092.png
243.08 23.73 399.50 396.10 0.95
crop_000016.png
582.08 79.29 752.76 626.95 0.99
person_and_bike_027.png
242.85 117.98 304.34 321.41 0.92
306.93 144.77 369.81 327.43 0.95
person_and_bike_067.png
242.34 53.54 370.71 365.47 0.98
person_007.png
137.33 103.66 257.25 478.82 0.97
person_350.png
139.37 67.21 246.39 454.90 0.83
person_and_bike_133.png
257.22 112.12 350.58 405.47 0.92
355.88 156.90 428.08 405.39 0.82
person_063.png
308.22 172.08 403.89 415.43 0.99
person_189.png
266.12 118.91 359.57 416.55 0.93
359.50 136.37 437.26 412.71 0.91
crop001676.png
205.26 207.17 340.79 632.79 0.74
248.25 383.64 383.13 780.14 0.86
616.75 378.70 743.61 775.89 0.94
780.29 436.21 893.82 784.98 0.80
419.08 404.38 532.34 746.21 0.73
937.98 477.05 1038.59 774.92 0.85
person_and_bike_049.png
289.13 40.60 419.51 381.04 0.98
person_207.png
406.31 177.05 488.27 423.60 0.98
302.36 169.90 354.78 333.85 0.83
186.53 169.76 233.41 318.19 0.70
crop001725.png
190.28 204.26 259.06 392.64 0.94
person_and_bike_087.png
252.70 18.06 411.56 408.61 0.96
crop001704.png
402.92 185.81 603.54 796.54 0.81
91.48 303.03 252.07 797.59 0.79
crop001555.png
463.90 350.34 542.22 573.78 0.81
154.01 174.90 232.76 392.28 0.94
294.99 352.96 363.06 551.87 0.73
person_and_bike_065.png
209.18 41.79 318.92 343.85 0.97
person_198.png
190.73 76.43 314.71 440.54 0.96
325.09 111.99 418.32 420.31 0.98
person_033.png
137.82 123.27 313.29 617.82 0.93
crop001715.png
374.18 257.44 502.67 657.59 0.97
person_and_bike_159.png
251.29 38.55 398.58 447.36 0.98
person_120.png
248.79 168.76 350.16 443.87 0.95
158.08 186.23 259.59 455.47 0.98
person_058.png
311.73 126.69 402.09 383.44 0.97
person_and_bike_136.png
386.18 148.58 455.94 371.72 0.88
327.25 165.59 392.62 377.06 0.89
201.63 166.75 268.94 353.83 0.95
120.14 170.15 183.56 359.55 0.91
person_087.png
220.45 172.40 339.74 551.33 0.97
person_039.png
199.19 232.83 263.49 409.44 0.98
person_337.png
312.10 176.14 386.30 397.19 0.95
187.98 150.45 252.27 356.73 0.92
263.18 152.25 324.64 363.44 0.70
73.36 137.65 134.13 313.73 0.96
139.26 160.03 191.10 311.78 0.88
person_and_bike_099.png
216.06 0.00 399.08 422.87 0.90
person_248.png
259.13 122.97 371.29 434.37 0.96
374.85 169.61 474.64 430.85 0.97
crop_000604.png
80.08 53.08 163.63 305.14 0.92
301.25 55.19 369.37 280.24 0.97
160.93 83.98 223.84 309.76 0.78
person_and_bike_105.png
244.53 39.05 406.43 408.90 0.98
person_316.png
317.80 186.54 417.50 471.66 0.93
283.07 204.59 352.59 455.35 0.92
crop001654.png
285.07 196.25 454.89 702.62 0.97
person_098.png
287.11 94.59 436.93 527.66 0.94
112.25 132.56 244.41 514.40 0.96
person_100.png
144.59 217.71 235.22 485.86 0.93
323.11 224.23 394.36 463.60 0.97
person_314.png
479.49 110.07 602.34 445.87 0.97
180.28 135.71 258.12 398.52 0.95
person_347.png
254.81 113.34 348.08 400.66 0.97
434.69 160.74 503.88 377.11 0.98
crop001634.png
226.85 166.79 325.16 464.57 0.98
person_164.png
241.45 147.83 328.63 389.41 0.98
crop001511.png
302.02 252.98 449.53 756.14 0.94
crop001573.png
791.99 268.76 898.79 562.84 0.95
580.60 260.62 680.36 552.72 0.91
312.73 284.97 414.94 556.76 0.84
225.70 273.05 314.31 567.44 0.91
510.19 266.72 593.59 538.18 0.79
person_030.png
112.61 68.40 287.04 606.74 0.93
person_and_bike_094.png
220.76 47.47 382.57 384.51 0.99
person_073.png
313.33 196.76 386.73 440.11 0.96
crop001566.png
111.07 145.06 219.57 450.12 0.98
241.46 292.40 307.07 439.76 0.94
crop_000024.png
175.10 114.24 347.55 608.41 0.99
person_and_bike_042.png
299.00 48.10 424.29 408.05 0.97
crop_000003.png
312.33 51.50 435.76 428.45 0.99
person_088.png
150.20 115.70 313.73 547.02 0.96
339.12 136.88 400.99 327.15 0.80
crop_000023.png
472.70 88.13 645.88 562.80 0.99
crop_000002.png
99.72 83.46 217.25 449.16 0.94
crop001607.png
300.67 155.42 399.39 507.47 0.91
198.96 144.84 291.83 503.69 0.82
788.81 132.00 888.15 404.81 0.96
496.47 123.91 586.66 398.05 0.91
623.76 137.48 701.21 402.08 0.72
402.40 148.25 480.10 394.61 0.89
person_and_bike_052.png
262.68 34.93 409.79 419.28 0.97
person_and_bike_114.png
259.38 46.35 387.25 445.69 0.98
person_222.png
388.01 73.19 512.58 440.63 0.97
156.45 76.75 268.67 447.76 0.97
325.57 84.24 386.83 268.76 0.82
person_064.png
227.37 130.45 369.83 459.72 0.98
person_246.png
185.90 15.94 315.41 446.11 0.85
283.04 75.81 401.17 451.08 0.93
person_and_bike_069.png
285.43 44.21 421.50 414.54 0.97
person_265.png
76.94 72.52 179.16 393.06 0.97
490.40 176.40 565.81 399.70 0.89
389.35 167.49 460.97 401.03 0.93
307.36 195.91 378.45 396.55 0.97
person_and_bike_089.png
212.56 43.21 355.28 380.12 0.99
person_and_bike_071.png
256.33 47.29 388.17 464.97 0.97
person_085.png
228.04 150.24 358.11 560.09 0.94
137.27 182.40 222.15 489.07 0.91
person_and_bike_053.png
253.83 18.65 384.42 384.53 0.87
crop_000007.png
546.48 110.76 738.93 581.60 0.98
crop001639.png
777.90 206.06 962.82 779.24 0.97
525.35 190.04 712.58 731.17 0.96
108.90 242.56 281.33 768.59 0.97
person_and_bike_051.png
283.82 72.84 413.01 425.77 0.93
person_075.png
268.25 180.46 333.44 351.51 0.99
person_099.png
180.96 125.49 340.72 556.82 0.98
crop001602.png
285.36 334.13 462.33 853.77 0.98
crop001722.png
123.94 348.54 271.83 842.28 0.95
person_186.png
254.08 173.88 322.01 385.32 0.97
342.23 166.09 405.31 381.04 0.94
crop001661.png
319.81 241.17 460.60 601.74 0.93
384.80 239.31 508.89 587.26 0.72
person_249.png
441.41 161.46 524.46 416.71 0.94
415.46 160.77 493.03 410.04 0.75
216.06 179.63 292.73 423.14 0.95
241.94 183.28 318.76 419.40 0.75
285.85 174.17 346.06 419.18 0.89
person_and_bike_006.png
198.13 66.55 318.54 407.55 0.98
person_247.png
317.38 142.36 395.30 385.54 0.97
255.59 150.16 315.30 385.70 0.78
person_015.png
207.28 195.70 277.33 399.11 0.99
person_and_bike_063.png
259.01 46.64 408.86 393.80 0.98
crop001522.png
565.54 202.76 752.89 801.51 0.97
person_and_bike_162.png
221.19 51.18 376.88 429.12 0.99
person_230.png
255.54 115.05 366.63 437.83 0.94
412.00 136.70 518.59 458.62 0.96
151.69 134.98 210.82 319.13 0.91
person_191.png
396.46 167.98 468.47 386.46 0.96
482.96 175.81 545.10 368.44 0.94
333.25 181.16 391.51 359.46 0.84
179.20 178.26 222.47 295.17 0.90
220.85 179.68 261.27 292.19 0.86
267.12 195.97 301.77 294.84 0.86
person_138.png
180.19 57.04 300.85 387.52 0.91
333.71 63.35 437.06 370.24 0.96
480.47 35.35 570.85 365.38 0.93
person_and_bike_059.png
248.40 55.60 383.80 383.92 0.98
person_and_bike_141.png
217.42 52.50 347.12 422.05 0.98
person_and_bike_190.png
303.08 132.83 383.63 375.96 0.94
219.36 141.66 294.21 368.92 0.96
person_056.png
293.81 69.03 406.91 433.97 0.97
crop001574.png
203.98 199.36 302.74 495.79 0.86
person_and_bike_004.png
person_036.png
201.64 64.41 364.83 579.34 0.92
person_and_bike_045.png
187.23 37.05 347.25 450.56 0.98
person_029.png
75.82 92.87 247.43 617.06 0.91
person_and_bike_149.png
205.44 177.27 299.96 438.69 0.98
person_and_bike_101.png
234.22 42.84 349.05 350.60 0.79
crop001724.png
82.73 159.20 150.87 401.03 0.85
213.44 154.48 288.88 340.47 0.98
person_052.png
279.46 99.59 372.40 431.53 0.98
person_and_bike_112.png
196.37 0.00 361.77 387.18 0.89
person_and_bike_048.png
182.24 50.10 335.14 375.29 0.90
person_210.png
337.33 138.00 418.32 396.31 0.95
253.49 152.45 328.60 403.31 0.94
crop_000021.png
290.30 51.54 451.47 511.65 0.99
person_105.png
223.69 113.41 348.70 508.02 0.97
113.78 107.27 229.07 489.40 0.88
person_032.png
129.89 56.98 333.34 639.00 0.91
crop001718.png
815.80 399.05 925.04 683.05 0.86
616.45 376.69 719.57 671.60 0.90
508.17 362.09 581.44 575.11 0.81
person_318.png
223.58 103.73 302.43 367.98 0.92
307.63 125.75 372.85 335.25 0.94
person_093.png
255.79 125.96 383.05 536.08 0.97
114.19 124.89 227.76 516.19 0.98
person_306.png
152.42 132.73 254.94 438.19 0.94
260.16 146.93 343.69 414.02 0.88
422.88 166.50 454.88 252.09 0.76
person_and_bike_060.png
240.95 34.61 370.86 394.70 0.97
person_and_bike_109.png
214.17 21.28 363.50 375.37 0.94
person_and_bike_046.png
212.61 52.54 352.17 341.56 0.98
person_and_bike_054.png
205.23 44.78 365.10 423.46 0.99
person_and_bike_095.png
172.68 59.41 309.65 421.18 0.98
crop_000026.png
696.73 86.47 844.22 512.23 0.92
504.69 178.10 606.43 512.83 0.85
341.09 163.66 451.80 441.18 0.97
139.21 282.57 239.01 505.82 0.94
person_and_bike_066.png
242.23 40.36 378.66 399.80 0.99
person_and_bike_082.png
294.15 29.38 433.68 415.38 0.98
crop_000017.png
489.74 55.98 708.64 709.14 0.96
crop001664.png
person_096.png
181.27 96.61 337.01 532.62 0.98
372.72 51.60 431.04 260.07 0.70
person_and_bike_104.png
311.38 45.50 486.94 436.13 0.92
person_and_bike_076.png
313.08 35.64 421.36 380.56 0.94
138.39 24.55 226.11 251.85 0.99
crop001521.png
195.28 172.54 260.81 409.71 0.77
484.82 162.48 547.65 381.50 0.72
261.05 184.32 319.87 377.43 0.83
person_055.png
272.69 139.62 385.93 473.13 0.96
crop001501.png
828.33 181.01 878.75 321.23 0.86
249.31 151.38 300.99 287.14 0.93
558.55 313.69 604.63 433.86 0.83
person_255.png
222.21 144.57 304.57 383.82 0.98
403.72 152.54 481.73 388.05 0.95
person_and_bike_096.png
195.40 40.33 336.00 376.13 0.98
person_and_bike_077.png
373.93 27.06 483.16 334.30 0.96
person_059.png
302.47 134.44 392.30 415.95 0.96
person_and_bike_028.png
258.71 138.00 347.58 415.93 0.96
473.40 119.95 513.96 227.83 0.87
442.28 123.23 475.82 224.88 0.76
person_and_bike_084.png
271.88 39.04 426.50 464.58 0.83
person_and_bike_102.png
253.46 37.25 360.54 402.88 0.95
person_and_bike_189.png
233.65 94.84 388.92 462.56 0.97
person_190.png
350.77 132.85 452.76 411.80 0.94
438.18 121.58 525.22 380.03 0.81
121.75 126.24 200.26 358.43 0.99
262.21 153.08 327.46 372.24 0.88
person_282.png
265.50 145.39 351.34 428.34 0.93
89.13 136.59 129.43 232.33 0.87
person_and_bike_111.png
271.37 17.08 409.85 374.99 0.94
person_115.png
254.49 123.65 374.33 524.91 0.94
160.03 107.30 266.47 506.17 0.86
person_and_bike_070.png
220.74 50.51 351.98 388.29 0.95
person_090.png
217.84 159.20 328.70 527.02 0.97
crop_000013.png
166.61 117.95 377.13 601.84 0.95
crop001641.png
564.99 198.02 724.75 763.03 0.78
person_and_bike_097.png
286.21 18.98 468.11 479.00 0.91
person_216.png
343.86 123.58 437.87 449.74 0.95
216.43 129.91 303.74 395.16 0.96
person_and_bike_091.png
crop001653.png
327.60 197.34 431.02 502.71 0.98
person_and_bike_081.png
276.19 44.26 432.80 458.91 0.99
person_122.png
206.88 223.12 281.59 462.55 0.99
crop001546.png
418.81 220.45 540.45 667.32 0.88
529.90 224.60 633.39 632.63 0.77
person_094.png
181.57 122.07 329.31 563.11 0.98
person_251.png
332.74 67.25 460.03 442.08 0.95
217.06 77.42 327.99 436.80 0.96
465.66 97.05 526.48 271.72 0.94
person_193.png
176.87 145.34 275.62 429.48 0.93
328.30 161.43 409.80 385.62 0.94
567.14 158.44 606.72 278.59 0.75
crop001688.png
597.79 193.43 778.79 859.13 0.94
person_107.png
234.39 108.23 393.08 559.85 0.73
71.66 173.54 198.44 620.44 0.85
person_206.png
302.94 177.14 394.52 447.52 0.97
person_and_bike_086.png
272.91 45.67 424.33 409.58 0.98
crop001512.png
850.94 269.00 990.28 765.46 0.90
511.57 265.21 674.16 682.35 0.95
316.62 255.13 437.95 598.60 0.91
person_028.png
130.06 80.45 319.87 634.28 0.90
person_014.png
165.20 123.20 312.73 570.27 0.95
38.53 114.08 73.95 221.32 0.86
person_and_bike_103.png
280.33 21.95 431.67 355.74 0.86
person_010.png
213.82 145.14 308.58 541.47 0.95
43.63 235.67 79.71 330.98 0.87
person_037.png
220.62 230.48 331.25 536.77 0.99
person_118.png
185.22 206.01 254.57 383.27 0.97
137.02 218.40 191.72 382.69 0.96
person_325.png
223.93 112.44 320.30 386.90 0.97
137.64 109.39 232.72 383.39 0.94
person_194.png
262.16 186.17 316.69 365.39 0.89
349.87 183.51 404.91 350.98 0.83
404.56 179.14 457.79 341.90 0.94
crop_000027.png
456.58 42.89 625.14 656.56 0.92
54.22 29.97 208.94 599.04 0.84
crop_000020.png
255.69 71.74 386.52 506.10 0.97
person_137.png
309.52 84.18 370.87 299.20 0.91
149.61 97.04 211.89 299.19 0.82
216.69 89.95 272.50 306.33 0.89
379.76 119.19 432.43 293.90 0.89
person_280.png
260.65 148.99 351.30 406.20 0.96
461.62 156.35 511.83 302.18 0.75
499.54 153.03 548.44 299.04 0.75
person_076.png
260.64 137.38 387.39 439.60 0.99
crop_000006.png
166.70 84.52 363.54 599.37 0.97
person_and_bike_108.png
244.53 0.00 400.56 365.28 0.83
person_250.png
230.06 86.65 337.64 459.14 0.92
360.71 74.93 459.67 415.46 0.92
121.73 91.66 215.00 390.09 0.97
crop001593.png
487.37 227.85 547.72 446.57 0.77
630.42 228.69 693.73 434.99 0.91
398.10 217.54 463.83 415.92 0.94
323.58 235.90 392.58 422.84 0.97
258.42 240.26 311.70 397.74 0.88
person_323.png
140.29 72.88 255.40 417.91 0.93
262.89 116.30 372.13 413.67 0.99
person_and_bike_188.png
343.41 182.89 403.17 361.74 0.97
290.95 187.22 324.82 279.01 0.85
person_and_bike_058.png
166.99 36.81 287.59 414.04 0.96
person_and_bike_083.png
220.76 33.40 381.50 423.23 0.98
crop_000009.png
283.98 58.75 520.99 656.71 0.97
person_315.png
333.94 211.09 397.37 400.95 0.94
524.58 187.31 570.33 328.57 0.71
476.33 192.24 520.92 326.24 0.83
person_011.png
169.19 145.91 294.83 502.80 0.98
crop_000012.png
174.93 132.75 369.42 658.18 0.98
person_and_bike_012.png
335.56 68.75 450.36 422.19 0.98
210.43 83.11 313.91 426.06 0.96
person_008.png
174.11 89.68 324.96 576.31 0.92
person_and_bike_056.png
301.09 35.75 438.72 350.32 0.96
person_236.png
300.44 144.51 398.55 412.44 0.96
537.57 151.93 600.05 360.29 0.85
457.05 159.98 516.75 353.61 0.77
204.71 158.14 263.91 325.80 0.95
98.18 161.53 146.83 327.58 0.76
crop001716.png
51.01 238.75 157.62 545.59 0.95
216.59 260.46 303.81 550.82 0.96
crop_000019.png
433.59 86.24 634.28 664.15 0.99
person_136.png
315.96 127.82 404.32 394.89 0.97
229.80 142.20 316.85 391.96 0.91
person_and_bike_038.png
467.96 117.72 585.67 442.58 0.87
297.66 125.26 379.00 326.90 0.96
84.97 127.32 136.67 268.17 0.91
person_and_bike_080.png
375.68 41.37 524.71 456.64 0.98
crop001719.png
380.17 368.91 511.71 746.13 0.72
342.57 380.31 463.88 736.62 0.92
440.64 366.12 551.82 740.99 0.89
746.91 412.32 843.64 730.14 0.90
944.35 450.66 1034.01 746.17 0.77
crop_000025.png
300.94 81.83 526.69 656.67 0.98
person_and_bike_090.png
125.07 49.44 240.76 410.34 0.97
crop001683.png
340.26 146.44 440.46 476.91 0.88
224.18 177.97 323.07 508.97 0.79
person_159.png
309.00 157.17 371.64 359.44 0.78
457.97 165.18 511.72 322.50 0.88
209.95 181.54 260.95 340.33 0.73
383.89 179.54 431.66 343.02 0.73
person_and_bike_164.png
222.54 41.21 376.40 442.85 0.98
person_335.png
267.52 155.21 358.91 383.75 0.96
179.42 149.09 219.67 268.07 0.87
crop001533.png
751.88 317.62 847.02 656.72 0.92
641.17 359.29 697.25 532.72 0.73
person_and_bike_014.png
321.11 64.19 445.64 365.92 0.97
person_217.png
236.94 202.05 319.44 440.18 0.97
428.51 187.24 504.68 393.11 0.97
48.28 187.77 113.64 401.06 0.91
364.04 188.07 423.71 392.17 0.90
162.11 202.48 212.55 379.63 0.79
crop001660.png
299.97 305.45 424.85 676.86 0.98
crop001590.png
721.23 171.51 937.65 918.66 0.96
crop_000004.png
151.39 50.71 243.97 347.81 0.94
person_012.png
207.49 194.96 287.26 474.70 0.98
person_161.png
273.78 91.76 377.53 431.67 0.96
person_and_bike_106.png
254.64 44.07 417.90 381.94 0.98