person_089.png
186.53 166.06 307.09 477.34 1.00
person_290.png
302.16 138.59 420.26 434.40 1.00
person_and_bike_029.png
192.49 154.27 311.04 453.34 1.00
561.91 121.40 611.96 267.17 0.97
person_and_bike_153.png
378.98 138.81 469.70 405.93 1.00
person_188.png
263.29 173.30 322.97 331.59 1.00
420.51 194.86 473.06 365.61 1.00
352.43 183.29 399.77 353.88 0.99
218.23 187.24 267.18 335.05 1.00
463.07 221.59 507.18 366.77 0.95
crop001545.png
406.13 228.16 562.70 717.08 0.99
crop001531.png
256.08 224.98 350.10 523.09 0.99
32.65 235.06 92.11 423.80 0.96
person_135.png
309.19 141.54 388.88 387.86 1.00
185.29 154.00 261.81 399.82 1.00
253.43 158.93 324.80 394.03 1.00
crop001658.png
366.22 180.98 440.10 377.86 1.00
228.38 189.31 296.49 379.08 0.99
301.68 184.76 365.93 375.29 0.99
person_and_bike_107.png
263.31 36.45 406.99 409.02 0.95
person_and_bike_064.png
234.17 34.21 405.18 430.28 0.97
person_and_bike_165.png
226.15 37.79 353.18 371.58 1.00
person_and_bike_044.png
288.27 64.46 403.26 375.13 1.00
person_095.png
154.64 89.80 310.80 584.67 0.99
348.06 119.61 402.41 307.51 0.99
person_293.png
260.79 98.34 356.22 401.72 1.00
172.25 108.73 224.52 256.76 1.00
111.57 115.13 162.03 259.72 0.99
person_and_bike_181.png
322.99 182.58 399.18 397.79 1.00
254.81 184.58 326.23 397.47 1.00
517.30 77.66 558.78 195.61 0.81
person_and_bike_079.png
273.15 50.67 409.57 445.82 1.00
person_134.png
228.15 118.02 346.70 444.76 1.00
334.96 111.90 443.71 446.07 0.99
356.44 216.04 435.17 431.10 0.95
419.55 89.99 456.06 201.86 0.95
484.68 99.47 519.17 196.28 0.99
85.57 105.54 116.30 183.64 0.80
crop001604.png
311.72 206.38 421.71 520.39 1.00
person_092.png
182.71 120.23 333.93 520.71 1.00
crop001638.png
424.49 309.40 602.34 796.81 0.99
608.78 276.50 761.99 790.81 1.00
794.79 281.62 905.95 696.57 0.99
person_and_bike_113.png
179.49 16.86 359.23 406.29 0.97
person_336.png
362.07 95.16 455.72 376.06 1.00
287.38 124.84 374.17 372.81 1.00
122.68 125.73 150.05 219.19 0.86
75.79 131.89 106.48 208.98 0.86
crop001544.png
211.85 211.99 386.43 803.14 0.99
411.39 288.38 528.43 761.57 0.87
457.70 311.93 548.43 737.72 0.72
person_212.png
305.44 174.69 355.74 346.99 0.88
crop001631.png
186.30 266.25 262.03 477.61 0.99
287.26 256.20 354.36 454.84 0.99
person_104.png
158.59 191.36 279.19 511.20 1.00
272.97 207.53 390.08 497.69 1.00
274.53 180.43 302.00 266.40 0.82
person_and_bike_072.png
384.27 53.17 501.97 399.39 1.00
crop001520.png
489.08 221.58 645.40 774.23 1.00
293.91 256.94 430.54 730.27 0.99
crop001682.png
557.49 158.29 649.31 454.66 0.99
287.46 198.41 377.84 460.76 0.99
203.77 176.56 290.22 447.13 0.99
771.97 176.43 871.67 410.41 0.98
693.72 157.29 766.93 418.63 0.99
person_and_bike_073.png
237.21 44.11 326.20 427.68 0.99
person_and_bike_085.png
281.10 46.43 431.18 479.00 0.96
person_009.png
158.80 76.57 326.08 604.70 0.99
crop001684.png
254.37 97.55 303.58 224.59 1.00
person_218.png
224.19 105.62 335.44 479.00 0.99
327.15 130.09 413.09 393.13 1.00
person_and_bike_100.png
225.76 6.14 389.84 359.41 0.84
crop001659.png
630.90 222.92 716.24 467.13 0.99
crop_000001.png
155.49 22.90 322.41 657.01 0.98
crop_000018.png
228.06 80.14 461.44 560.09 0.96
person_and_bike_088.png
325.40 42.97 438.78 435.64 0.99
person_and_bike_093.png
246.86 35.73 369.19 378.58 0.99
person_and_bike_140.png
244.21 134.08 351.85 387.50 1.00
person_and_bike_057.png
241.75 39.09 361.16 410.05 1.00
crop_000008.png
462.56 67.51 624.41 664.78 0.98
person_and_bike_061.png
294.43 36.65 418.64 435.39 0.98
person_and_bike_126.png
355.77 142.83 456.19 412.79 1.00
325.07 143.43 416.84 413.24 0.86
291.38 146.92 374.11 403.41 1.00
118.63 136.91 172.75 294.09 1.00
527.79 152.92 557.93 227.45 0.95
481.16 152.32 503.28 212.82 0.81
person_034.png
112.77 34.53 296.82 639.00 1.00
116.83 224.74 295.14 523.28 0.91
person_013.png
199.78 224.75 319.92 530.87 1.00
person_and_bike_055.png
216.41 55.68 352.65 395.19 0.99
crop001504.png
335.59 274.75 396.90 458.59 0.99
258.41 277.36 321.29 451.18 0.99
person_132.png
384.35 186.45 437.38 331.96 0.99
458.28 176.56 507.75 330.27 1.00
200.39 182.95 247.96 329.53 0.99
295.09 185.49 341.67 327.81 0.98
241.85 184.14 279.99 327.74 0.97
101.42 208.02 143.90 334.89 0.98
person_071.png
196.14 70.16 317.47 438.81 0.99
crop001633.png
311.88 298.64 460.25 604.31 0.98
799.05 371.38 899.95 657.21 0.99
897.49 296.72 983.93 577.78 0.99
person_and_bike_035.png
269.48 129.68 343.16 417.11 1.00
170.97 141.44 242.24 413.81 1.00
person_317.png
325.68 143.92 403.29 371.03 1.00
203.27 159.27 274.77 392.24 1.00
person_and_bike_062.png
269.10 32.09 394.82 424.14 0.99
crop_000015.png
242.85 124.98 450.48 664.90 0.99
person_062.png
401.16 155.63 488.93 427.69 1.00
person_065.png
258.95 115.06 355.31 436.85 1.00
person_127.png
328.83 73.56 449.50 399.77 1.00
251.53 118.69 338.37 396.33 1.00
crop_000005.png
56.04 57.00 134.70 317.95 0.99
176.42 66.31 253.91 319.81 0.99
person_051.png
279.43 107.74 396.23 439.40 1.00
person_and_bike_110.png
272.05 0.00 412.47 370.79 0.99
person_and_bike_161.png
248.46 51.56 378.54 426.71 0.99
person_and_bike_177.png
123.17 128.17 251.58 610.22 0.99
crop001670.png
767.72 230.87 910.37 589.94 0.98
415.89 251.32 531.77 549.96 0.99
180.79 233.19 286.72 536.62 0.99
316.54 255.65 426.28 543.39 0.97
580.29 268.43 686.84 562.54 0.98
person_and_bike_043.png
309.40 32.75 415.99 392.74 0.99
crop001723.png
374.63 182.73 444.93 430.76 0.99
person_272.png
236.90 58.89 384.51 479.00 0.88
296.97 39.53 438.05 479.00 1.00
358.62 70.80 520.36 450.51 0.87
41.94 70.80 188.64 479.00 1.00
98.05 72.16 231.12 479.00 0.97
168.05 59.22 292.67 466.10 1.00
437.54 57.46 565.98 433.42 1.00
442.58 273.99 492.42 421.10 0.85
person_263.png
211.69 138.02 328.93 460.88 0.71
181.03 130.98 284.30 454.47 0.99
287.29 139.29 371.12 458.10 0.98
79.32 134.78 163.23 358.69 0.78
360.20 152.67 419.66 403.28 0.99
8.18 185.17 59.20 323.69 0.79
crop001514.png
539.48 255.31 669.26 635.68 1.00
365.59 237.62 469.42 627.30 0.99
295.49 231.88 377.24 476.99 0.99
person_and_bike_160.png
263.43 31.14 425.12 476.65 1.00
person_and_bike_047.png
284.03 60.27 400.90 402.75 1.00
person_and_bike_098.png
192.05 9.33 443.62 387.22 0.95
person_204.png
324.45 99.38 445.79 418.04 1.00
563.79 124.84 639.00 390.11 0.83
93.62 71.83 174.48 316.70 1.00
240.89 161.60 316.44 388.85 0.96
504.95 95.66 564.92 276.99 0.99
450.46 99.04 486.90 213.13 0.98
person_and_bike_050.png
296.31 15.88 451.64 467.05 1.00
person_040.png
162.96 147.15 307.97 485.80 0.99
person_026.png
203.46 43.68 325.83 639.00 0.98
person_303.png
246.90 149.65 348.85 479.00 1.00
373.70 121.74 466.90 425.45 0.99
128.85 131.37 205.81 392.31 0.99
114.02 122.88 182.93 346.48 0.79
206.51 124.98 261.17 345.96 0.99
470.95 123.60 521.45 280.27 0.99
person_070.png
220.68 137.63 305.88 410.70 1.00
crop001706.png
715.93 121.33 977.23 874.78 0.99
person_and_bike_163.png
166.19 39.60 301.71 433.78 1.00
person_038.png
216.89 197.34 334.11 526.91 0.99
person_053.png
296.91 122.58 397.90 431.64 1.00
crop001549.png
525.00 241.48 641.99 596.51 0.99
person_200.png
253.47 196.18 301.30 357.72 0.98
300.50 201.15 347.32 357.08 0.99
71.71 213.76 122.15 351.98 0.94
416.20 199.06 463.05 345.23 0.97
361.94 216.92 411.35 349.04 0.99
48.37 100.19 91.45 250.64 0.76
479.79 213.32 526.22 351.18 1.00
186.76 200.65 229.71 348.02 0.97
106.52 202.26 146.51 337.52 0.91
523.18 198.21 553.56 291.48 0.97
566.27 202.93 595.92 289.99 0.94
person_and_bike_092.png
210.39 37.25 402.38 419.92 0.87
crop_000016.png
580.30 71.65 752.02 655.40 1.00
person_and_bike_027.png
239.86 119.94 306.65 321.47 1.00
307.25 142.28 370.71 325.53 1.00
person_and_bike_067.png
248.22 44.85 378.58 406.32 0.98
person_007.png
132.61 104.36 253.35 480.70 1.00
person_350.png
19.75 81.97 149.43 479.00 0.94
271.55 101.35 397.78 479.00 0.98
144.95 87.54 241.72 479.00 0.99
502.62 114.80 577.40 429.48 0.94
person_and_bike_133.png
256.40 112.90 353.71 404.40 1.00
355.36 148.82 422.16 402.50 1.00
person_063.png
313.24 168.82 410.43 412.49 1.00
person_189.png
306.46 112.89 398.40 436.00 0.74
272.55 119.58 370.53 419.33 0.99
360.98 130.59 430.48 417.38 1.00
crop001676.png
217.91 206.64 358.27 753.84 0.98
242.26 389.02 378.01 777.26 0.88
614.35 385.65 742.20 767.60 1.00
209.58 203.65 327.78 549.28 0.81
407.27 400.92 517.10 764.34 0.93
788.93 446.66 904.87 778.11 0.98
944.36 481.89 1040.21 762.54 0.99
person_and_bike_049.png
293.43 36.68 419.28 388.11 1.00
person_207.png
409.05 176.38 483.57 414.17 1.00
292.08 170.53 365.25 338.08 0.99
186.67 170.85 231.07 318.42 0.99
crop001725.png
196.85 203.47 259.13 395.55 0.99
person_and_bike_087.png
277.78 28.69 423.04 382.47 0.95
crop001704.png
378.29 197.82 621.47 770.08 0.90
96.72 304.25 256.28 779.25 0.98
crop001555.png
151.44 172.46 236.74 391.29 0.99
447.62 352.86 531.08 563.97 0.96
302.60 344.27 371.82 555.25 0.99
740.83 355.04 808.66 526.23 0.97
person_and_bike_065.png
202.41 36.93 330.21 336.26 0.99
person_198.png
186.73 87.32 309.48 452.25 0.99
321.39 111.08 419.67 432.48 1.00
person_033.png
148.23 114.12 316.06 639.00 0.99
crop001715.png
480.80 217.31 595.71 662.99 1.00
388.11 257.00 499.46 649.93 0.98
person_and_bike_159.png
256.50 41.22 404.80 449.56 0.99
person_120.png
248.37 165.00 342.03 443.65 1.00
165.31 185.02 261.78 442.79 1.00
212.22 181.69 301.03 450.39 0.87
person_058.png
314.73 124.47 406.68 373.81 1.00
person_and_bike_136.png
326.03 159.16 393.98 377.73 1.00
385.77 151.69 453.49 369.51 1.00
198.12 171.39 269.97 353.02 1.00
117.76 167.70 185.27 356.41 1.00
333.84 1.78 381.88 123.21 0.94
79.59 188.71 116.03 308.06 0.97
person_087.png
213.97 178.47 341.62 552.23 1.00
person_039.png
194.40 230.70 267.01 412.03 1.00
person_337.png
313.23 175.98 380.90 400.85 1.00
183.96 150.00 252.59 353.06 0.99
264.93 149.53 327.46 356.01 0.99
73.74 133.54 129.70 323.38 0.99
143.66 163.93 190.86 315.11 1.00
person_and_bike_099.png
193.24 0.00 431.55 349.62 0.98
224.56 0.00 334.29 381.71 0.74
person_248.png
259.07 117.54 373.86 434.35 1.00
377.19 166.48 476.20 435.06 1.00
crop_000604.png
76.53 51.23 164.56 294.61 1.00
301.10 45.69 370.61 289.34 0.99
162.07 67.88 219.07 307.71 0.99
person_and_bike_105.png
242.95 37.88 420.17 404.77 0.99
312.71 36.37 407.17 370.93 0.86
person_316.png
321.41 194.67 413.34 479.00 0.99
285.02 214.39 348.09 453.84 0.99
crop001654.png
295.82 209.21 459.43 695.83 0.99
person_098.png
284.13 93.08 453.74 533.14 0.99
113.06 137.99 243.08 528.16 0.99
50.05 121.20 148.85 499.63 0.97
person_100.png
149.05 220.37 241.23 483.58 1.00
323.19 229.75 397.65 457.38 1.00
person_314.png
483.55 103.17 595.92 437.58 1.00
181.16 132.20 252.27 387.40 1.00
person_347.png
251.44 114.26 358.34 399.48 1.00
432.50 163.45 500.35 370.22 1.00
crop001634.png
228.63 164.52 323.29 462.12 0.98
person_164.png
239.70 149.14 329.72 386.68 1.00
crop001511.png
310.24 257.44 444.09 764.18 0.99
crop001573.png
579.99 256.37 675.56 579.82 0.99
791.18 269.01 892.34 555.61 1.00
314.82 291.25 409.94 554.77 0.99
230.57 271.37 317.73 558.00 0.99
512.67 269.12 591.12 551.44 0.99
person_030.png
119.57 51.70 275.34 639.00 0.99
person_and_bike_094.png
263.41 35.78 375.59 397.30 0.96
person_073.png
311.44 197.64 390.35 413.95 0.99
crop001566.png
117.51 135.24 215.79 452.43 0.99
238.36 291.91 303.85 442.94 0.97
crop_000024.png
191.33 109.49 343.39 623.00 1.00
person_and_bike_042.png
305.62 45.36 419.09 398.75 0.99
crop_000003.png
316.11 46.77 432.16 429.60 1.00
person_088.png
159.50 122.12 306.26 557.01 1.00
319.00 133.17 376.80 327.77 0.97
350.56 139.82 402.00 325.44 0.99
403.23 143.41 454.61 318.12 0.99
280.31 137.55 322.23 298.14 0.70
crop_000023.png
478.38 90.94 650.37 550.67 1.00
crop_000002.png
102.48 72.75 223.46 463.48 1.00
crop001607.png
295.44 165.97 398.33 507.46 1.00
195.26 160.63 287.41 491.20 1.00
798.46 127.27 889.63 405.56 0.99
502.73 124.01 579.65 396.30 0.99
625.30 132.64 694.87 401.02 0.99
407.29 146.21 481.60 394.19 1.00
732.70 156.16 806.62 399.38 0.97
683.23 154.70 743.98 391.35 0.85
566.95 158.63 627.36 390.22 0.98
1000.87 243.33 1065.72 419.37 0.96
person_and_bike_052.png
259.04 27.53 410.17 438.86 0.98
person_and_bike_114.png
277.18 43.13 378.15 448.82 1.00
person_222.png
392.14 68.10 504.99 432.20 1.00
158.45 85.76 259.95 448.55 0.99
person_064.png
236.94 130.58 372.70 470.12 1.00
person_246.png
237.52 48.50 360.17 446.47 0.99
273.76 87.87 402.14 451.87 1.00
195.45 27.10 304.40 437.00 0.99
person_and_bike_069.png
275.32 36.71 418.23 435.98 1.00
person_265.png
66.09 68.30 185.75 383.44 1.00
388.11 167.79 471.51 400.41 0.99
491.73 182.00 571.87 399.32 1.00
303.26 202.73 376.09 398.13 0.99
person_and_bike_089.png
212.82 46.74 344.60 387.06 1.00
person_and_bike_071.png
258.87 52.60 386.51 460.50 0.99
person_085.png
225.73 157.78 370.07 551.83 0.98
140.68 176.90 223.26 476.53 0.99
person_and_bike_053.png
245.28 23.56 384.32 412.98 0.99
crop_000007.png
541.09 112.40 752.11 555.10 0.99
crop001639.png
755.90 200.42 960.21 789.93 0.99
531.73 170.02 713.28 719.82 1.00
107.45 229.15 280.51 769.43 1.00
person_and_bike_051.png
294.64 74.31 410.09 418.12 0.97
person_075.png
266.88 177.49 333.50 356.86 1.00
person_099.png
185.58 124.92 341.62 546.78 1.00
crop001602.png
288.46 325.33 460.64 863.11 0.99
crop001722.png
240.32 282.22 391.88 793.43 0.90
133.34 347.98 252.92 812.26 0.93
person_186.png
252.51 173.06 325.29 378.84 0.99
342.80 166.23 406.99 379.75 1.00
crop001661.png
315.29 244.71 449.21 616.53 0.97
419.07 236.95 524.54 588.32 0.98
person_249.png
214.24 183.07 299.07 418.15 0.99
464.21 164.73 538.98 408.38 1.00
412.93 166.53 487.47 408.73 0.94
281.63 178.39 349.15 414.69 0.99
person_and_bike_006.png
195.05 65.54 315.23 408.64 0.99
person_247.png
316.98 147.32 394.39 378.71 1.00
255.36 145.61 318.46 383.13 1.00
person_015.png
205.74 190.13 278.77 402.84 1.00
person_and_bike_063.png
256.08 33.91 410.76 429.60 0.99
crop001522.png
554.68 203.55 745.92 787.03 0.99
person_and_bike_162.png
230.81 46.60 372.46 429.37 0.99
person_230.png
251.78 122.53 367.40 441.58 1.00
409.96 131.84 517.34 454.50 1.00
147.57 136.26 212.63 320.48 1.00
113.67 154.81 143.23 236.92 0.98
person_191.png
394.26 171.11 474.55 387.51 1.00
482.33 173.58 548.33 365.51 1.00
334.08 180.20 394.44 361.38 1.00
180.93 176.10 223.44 295.85 0.99
223.97 175.96 263.20 290.92 0.99
267.07 206.66 298.53 291.37 0.98
person_138.png
167.22 76.01 317.46 394.21 0.99
331.66 65.28 438.58 384.79 1.00
478.37 39.20 573.05 370.67 1.00
person_and_bike_059.png
249.43 48.32 383.05 403.36 1.00
person_and_bike_141.png
213.26 45.85 337.61 422.02 1.00
person_and_bike_190.png
295.52 129.09 374.60 375.24 1.00
213.50 141.49 298.70 362.96 1.00
person_056.png
300.04 68.79 415.59 443.87 1.00
crop001574.png
202.18 211.66 301.42 485.30 0.98
person_and_bike_004.png
133.14 3.20 345.67 639.00 0.99
person_036.png
185.13 77.04 370.30 593.96 1.00
person_and_bike_045.png
183.84 34.50 338.50 462.35 1.00
person_029.png
76.36 88.00 255.45 603.51 1.00
person_and_bike_149.png
207.74 177.60 305.38 444.28 0.99
363.20 174.54 406.60 310.47 0.84
person_and_bike_101.png
207.36 58.91 363.35 366.96 0.91
crop001724.png
81.64 148.08 150.08 461.42 0.86
213.59 148.00 285.18 334.49 1.00
person_052.png
284.55 105.26 366.88 428.15 1.00
111.08 68.68 152.78 226.74 0.89
person_and_bike_112.png
181.09 7.83 411.21 311.66 0.98
person_and_bike_048.png
194.90 47.49 337.57 383.45 0.98
person_210.png
330.26 148.23 417.30 397.61 1.00
250.37 157.75 333.55 403.57 1.00
crop_000021.png
294.70 55.27 452.48 513.46 1.00
person_105.png
220.46 121.20 353.31 504.11 0.99
114.53 108.77 230.31 503.21 0.99
177.77 127.09 304.84 481.48 0.86
person_032.png
141.55 51.05 333.96 639.00 0.99
crop001718.png
613.79 375.09 724.25 670.58 1.00
816.39 397.65 922.46 688.59 1.00
508.15 366.20 580.73 566.29 0.95
913.92 386.67 984.38 572.07 0.98
person_318.png
219.41 103.86 298.69 365.04 1.00
307.31 124.65 368.32 318.45 0.99
person_093.png
259.88 131.45 394.25 532.48 1.00
103.25 131.23 234.35 530.83 1.00
person_306.png
155.52 135.51 250.03 445.14 1.00
255.61 140.77 335.01 411.52 0.99
422.63 172.08 451.71 249.54 0.96
person_and_bike_060.png
242.61 31.91 374.91 409.83 1.00
person_and_bike_109.png
202.10 53.23 363.32 322.59 0.85
person_and_bike_046.png
209.17 41.33 335.60 368.69 0.99
person_and_bike_054.png
205.16 39.27 365.74 431.28 1.00
person_and_bike_095.png
177.74 53.90 302.95 407.14 0.99
crop_000026.png
686.53 104.71 851.77 523.69 0.99
333.00 152.67 461.42 453.35 0.99
508.29 177.25 613.93 499.22 1.00
130.47 287.47 249.82 498.91 0.97
person_and_bike_066.png
238.40 36.12 369.81 397.91 1.00
person_and_bike_082.png
300.87 35.98 433.73 416.68 1.00
crop_000017.png
497.02 63.79 699.74 718.90 0.99
crop001664.png
person_096.png
181.81 98.40 355.38 546.06 0.99
377.34 42.73 433.16 267.30 0.99
338.10 70.37 386.83 258.38 0.99
person_and_bike_104.png
301.57 58.68 489.99 434.42 0.99
person_and_bike_076.png
317.55 41.35 415.73 375.63 1.00
150.49 23.66 217.39 243.35 0.99
crop001521.png
199.08 168.60 267.28 432.83 0.91
542.11 178.76 602.80 389.22 0.92
484.64 202.99 549.23 380.02 0.90
257.92 183.08 315.95 377.83 0.99
371.21 185.90 428.69 371.86 0.99
417.43 153.23 470.21 345.07 0.99
person_055.png
261.92 147.91 384.54 479.00 1.00
crop001501.png
243.45 147.48 305.34 291.86 0.99
826.18 173.04 884.40 323.57 0.99
212.45 351.43 269.75 473.50 0.76
559.67 314.32 607.89 428.30 0.91
person_255.png
220.16 141.34 304.80 380.25 1.00
400.66 164.84 484.38 375.66 0.99
person_and_bike_096.png
196.08 39.12 326.42 371.73 0.99
person_and_bike_077.png
374.86 32.94 478.26 324.16 1.00
person_059.png
299.69 131.92 401.20 422.55 0.99
person_and_bike_028.png
253.67 135.21 349.20 418.91 1.00
474.85 118.83 516.48 233.22 0.99
442.99 128.17 475.94 222.39 0.99
person_and_bike_084.png
272.81 45.17 431.79 479.00 0.99
person_and_bike_102.png
247.55 34.71 358.89 412.33 1.00
person_and_bike_189.png
233.26 95.03 380.00 468.94 1.00
person_190.png
349.01 129.13 449.54 413.00 0.99
433.20 115.84 522.64 373.30 0.99
129.33 127.66 206.75 360.65 1.00
259.90 149.02 326.15 360.39 0.99
person_282.png
262.96 137.30 344.67 422.25 1.00
91.01 138.40 126.86 229.61 0.98
person_and_bike_111.png
288.52 24.23 396.45 361.02 0.99
person_115.png
44.42 86.21 187.13 573.17 1.00
185.77 120.53 335.94 538.74 0.82
143.32 98.91 263.87 532.18 1.00
257.01 134.96 361.97 543.27 0.99
person_and_bike_070.png
234.94 48.68 355.42 416.58 0.99
person_090.png
219.06 154.82 332.21 529.35 1.00
crop_000013.png
170.37 108.08 345.54 617.73 0.98
crop001641.png
259.93 214.43 455.37 635.31 0.80
574.62 227.34 720.17 752.28 0.89
489.24 199.67 643.89 678.35 0.73
person_and_bike_097.png
302.33 8.17 478.46 475.58 0.99
person_216.png
350.45 125.27 438.93 458.01 1.00
215.20 127.74 302.71 392.19 1.00
person_and_bike_091.png
crop001653.png
324.34 197.87 427.33 499.26 1.00
person_and_bike_081.png
276.66 33.21 427.61 470.31 1.00
person_122.png
207.01 225.23 280.36 461.03 1.00
crop001546.png
410.05 225.34 544.55 644.13 0.98
526.52 201.85 639.31 622.18 0.99
person_094.png
180.01 118.32 331.64 574.31 1.00
person_251.png
272.51 87.53 417.59 446.13 0.79
328.24 63.64 464.98 428.81 1.00
215.01 81.62 325.38 424.19 1.00
470.84 96.83 525.65 273.59 0.99
person_193.png
179.14 144.61 277.64 430.91 1.00
329.43 157.71 408.14 381.99 1.00
568.25 160.03 610.90 279.92 0.99
432.77 190.70 474.16 289.67 0.98
crop001688.png
601.38 182.74 780.40 910.71 0.85
person_107.png
222.65 111.09 387.94 637.59 0.98
59.19 187.96 203.65 610.22 1.00
person_206.png
300.07 175.19 397.26 454.47 1.00
person_and_bike_086.png
268.44 48.55 437.60 427.87 0.99
crop001512.png
845.09 274.80 988.26 769.95 1.00
511.56 276.06 673.56 677.56 1.00
315.46 260.19 440.45 591.07 1.00
person_028.png
147.02 52.46 315.28 639.00 0.99
person_014.png
162.92 122.32 320.66 544.73 1.00
37.21 112.95 76.30 218.06 0.99
person_and_bike_103.png
257.95 35.72 450.59 329.20 0.81
person_010.png
213.18 138.10 305.75 564.68 1.00
43.22 235.72 77.89 327.10 0.95
person_037.png
229.54 228.27 328.83 529.28 1.00
person_118.png
185.02 209.56 249.85 382.90 0.99
138.50 217.28 189.71 383.76 1.00
person_325.png
216.40 110.18 332.80 399.22 1.00
147.16 113.05 234.99 385.63 1.00
person_194.png
351.90 181.53 407.58 356.45 1.00
262.56 186.50 319.03 356.87 1.00
406.56 181.07 453.63 338.25 0.99
315.68 204.39 356.91 349.12 0.98
crop_000027.png
421.70 50.09 630.77 666.17 1.00
51.22 43.02 221.50 598.23 0.99
crop_000020.png
270.27 61.41 385.33 517.93 1.00
person_137.png
131.88 82.81 196.44 301.32 0.74
113.99 70.22 174.61 290.24 0.96
215.00 92.32 275.83 304.81 1.00
309.14 91.98 371.22 300.14 0.99
157.00 105.54 209.51 299.00 0.98
382.09 125.24 438.37 292.25 0.99
person_280.png
264.77 159.41 344.05 408.29 1.00
336.58 147.92 397.43 343.14 0.99
495.16 155.85 544.98 301.41 0.99
461.95 162.80 500.77 304.60 0.94
person_076.png
264.33 133.80 377.25 440.62 0.99
crop_000006.png
173.94 60.50 359.04 605.01 0.99
person_and_bike_108.png
person_250.png
222.01 95.29 347.90 457.76 1.00
356.28 89.99 471.32 414.45 0.98
122.51 99.47 214.74 402.21 1.00
crop001593.png
481.30 232.20 551.10 439.14 0.99
398.75 216.39 463.06 415.41 1.00
318.44 234.86 383.96 425.64 0.99
640.70 240.08 704.15 436.01 0.95
263.97 235.45 318.41 415.63 0.90
person_323.png
135.46 69.74 254.47 404.44 1.00
263.94 104.32 369.91 431.66 1.00
person_and_bike_188.png
345.06 185.81 401.18 357.55 1.00
292.37 185.42 325.40 277.03 0.94
person_and_bike_058.png
169.51 44.78 290.10 396.64 1.00
person_and_bike_083.png
232.52 34.03 361.24 437.28 0.99
crop_000009.png
274.84 72.49 518.43 648.75 1.00
person_315.png
330.31 200.82 401.19 393.26 0.99
521.21 181.05 570.54 333.04 0.99
480.76 190.58 526.79 328.65 0.99
person_011.png
166.60 148.51 292.65 499.41 1.00
crop_000012.png
178.46 147.11 363.55 648.92 1.00
person_and_bike_012.png
336.11 72.60 450.48 430.12 1.00
205.54 88.68 316.40 418.99 1.00
9.48 66.77 62.40 226.17 0.99
person_008.png
160.57 107.00 309.84 582.62 0.99
person_and_bike_056.png
299.52 38.23 447.42 394.45 0.98
person_236.png
307.65 142.20 399.96 407.67 1.00
534.94 150.09 605.97 357.86 0.99
96.89 147.89 150.49 329.32 0.95
443.68 158.94 496.40 335.97 0.97
207.34 155.04 261.61 324.61 0.99
147.12 184.90 193.59 320.73 0.99
101.80 210.85 141.24 321.92 0.86
crop001716.png
44.06 236.43 161.54 547.63 1.00
218.15 265.92 306.07 514.73 0.99
crop_000019.png
427.61 81.27 624.93 664.31 1.00
person_136.png
323.20 130.34 402.45 383.93 1.00
229.99 149.03 313.00 389.07 1.00
270.99 33.22 322.17 162.19 0.76
person_and_bike_038.png
453.48 109.15 601.79 454.47 0.99
303.48 124.24 379.80 332.09 0.99
78.92 127.64 137.21 281.61 0.99
271.64 126.20 319.62 292.48 0.82
person_and_bike_080.png
375.19 48.30 525.93 474.04 1.00
crop001719.png
347.37 381.21 476.16 739.39 0.98
450.15 373.00 547.40 725.40 0.98
745.43 412.64 846.61 725.99 1.00
864.81 446.33 963.19 748.32 0.98
944.06 450.44 1037.91 746.75 0.98
crop_000025.png
298.62 73.62 502.36 651.19 1.00
person_and_bike_090.png
133.47 54.05 235.75 398.02 1.00
crop001683.png
212.92 175.19 328.52 498.21 0.99
341.34 148.63 450.07 466.97 0.99
person_159.png
309.15 155.46 370.30 355.71 0.98
451.42 170.03 513.69 322.17 0.97
379.25 181.62 433.31 353.82 0.98
209.39 183.24 257.06 352.91 0.96
266.50 179.58 310.15 340.54 0.96
185.82 184.32 215.90 275.71 0.75
person_and_bike_164.png
228.14 38.12 372.67 444.25 0.99
person_335.png
264.26 148.35 359.95 374.01 1.00
180.30 150.33 223.09 274.74 0.99
223.09 159.09 259.74 270.38 0.99
crop001533.png
747.21 318.28 849.63 644.99 1.00
203.24 339.67 291.22 557.73 0.99
405.35 343.93 478.57 541.35 0.98
635.50 350.08 707.87 535.91 0.89
person_and_bike_014.png
330.01 67.99 450.19 372.17 0.99
547.80 97.42 578.72 187.38 0.94
person_217.png
238.34 210.88 322.82 441.23 1.00
432.42 187.09 503.11 393.26 1.00
365.26 189.37 426.95 388.81 1.00
49.51 192.08 110.25 388.16 1.00
159.89 197.02 215.69 379.49 1.00
crop001660.png
303.74 311.49 421.26 674.81 0.99
crop001590.png
692.13 136.14 957.88 921.82 0.96
crop_000004.png
140.68 56.61 245.57 341.33 0.97
person_012.png
216.00 192.83 287.02 470.85 1.00
person_161.png
276.51 100.93 377.77 431.35 1.00
423.23 124.58 467.34 250.45 0.95
373.13 118.90 413.83 249.85 0.93
person_and_bike_106.png
258.54 44.06 419.07 380.20 0.97