person_and_bike_098.png
person_and_bike_073.png
235.00 52.00 323.00 137.00 0.92
person_and_bike_077.png
382.00 27.00 478.00 107.00 0.93
crop001545.png
430.00 221.00 557.00 356.00 0.66
person_164.png
249.00 153.00 325.00 204.00 0.87
person_055.png
277.00 144.00 377.00 221.00 0.99
person_247.png
317.00 148.00 389.00 208.00 0.92
252.00 148.00 308.00 207.00 0.86
crop001725.png
person_325.png
223.00 110.00 322.00 190.00 0.94
152.00 118.00 226.00 176.00 0.78
crop_000016.png
599.00 85.00 735.00 221.00 0.98
person_207.png
310.00 169.00 356.00 211.00 0.80
person_104.png
282.00 207.00 379.00 290.00 0.93
166.00 196.00 264.00 278.00 0.74
person_and_bike_089.png
225.00 47.00 329.00 118.00 0.91
person_and_bike_140.png
252.00 145.00 344.00 218.00 0.91
crop001634.png
crop001682.png
287.00 196.00 367.00 273.00 0.70
787.00 177.00 863.00 247.00 0.59
person_and_bike_100.png
263.00 13.00 371.00 101.00 0.94
person_062.png
413.00 158.00 475.00 224.00 0.74
crop001722.png
crop001520.png
298.00 260.00 412.00 378.00 0.66
512.00 226.00 642.00 351.00 0.61
person_and_bike_044.png
294.00 70.00 394.00 143.00 0.99
person_and_bike_106.png
crop_000025.png
348.00 79.00 491.00 210.00 0.94
person_189.png
273.00 120.00 357.00 191.00 0.96
367.00 131.00 424.00 200.00 0.94
person_246.png
197.00 26.00 294.00 113.00 0.89
293.00 83.00 383.00 162.00 0.80
crop001566.png
124.00 138.00 202.00 222.00 0.86
person_350.png
516.00 112.00 574.00 182.00 0.67
person_323.png
271.00 107.00 360.00 186.00 0.89
143.00 73.00 243.00 153.00 0.88
person_and_bike_094.png
252.00 48.00 363.00 128.00 0.96
person_and_bike_188.png
345.00 186.00 391.00 229.00 0.82
crop_000002.png
113.00 84.00 213.00 172.00 0.97
person_and_bike_056.png
318.00 36.00 424.00 127.00 0.97
crop001533.png
754.00 319.00 847.00 405.00 0.86
person_118.png
189.00 204.00 241.00 255.00 0.71
crop001544.png
252.00 234.00 377.00 360.00 0.52
crop_000003.png
332.00 49.00 431.00 137.00 0.93
person_090.png
238.00 168.00 323.00 239.00 0.75
person_263.png
289.00 134.00 374.00 210.00 0.95
71.00 122.00 162.00 200.00 0.93
192.00 128.00 274.00 212.00 0.87
7.00 188.00 55.00 229.00 0.66
person_and_bike_014.png
339.00 80.00 433.00 138.00 0.95
person_335.png
271.00 159.00 349.00 216.00 0.86
crop001511.png
crop001522.png
583.00 207.00 715.00 335.00 0.92
person_065.png
262.00 120.00 349.00 201.00 0.92
person_073.png
322.00 202.00 366.00 251.00 0.74
person_210.png
331.00 150.00 416.00 213.00 0.95
257.00 154.00 330.00 225.00 0.93
person_347.png
258.00 110.00 343.00 185.00 0.91
person_and_bike_029.png
201.00 155.00 294.00 232.00 0.97
person_and_bike_064.png
255.00 38.00 361.00 126.00 0.96
crop001638.png
446.00 314.00 591.00 436.00 0.84
803.00 283.00 904.00 386.00 0.83
618.00 275.00 747.00 392.00 0.65
person_265.png
80.00 73.00 172.00 146.00 0.93
497.00 176.00 566.00 238.00 0.89
406.00 167.00 461.00 234.00 0.84
313.00 194.00 379.00 277.00 0.63
crop_000027.png
73.00 53.00 207.00 189.00 0.81
person_100.png
167.00 218.00 241.00 284.00 0.74
331.00 227.00 394.00 293.00 0.58
person_218.png
232.00 103.00 335.00 193.00 0.97
333.00 130.00 412.00 193.00 0.96
person_191.png
403.00 167.00 470.00 231.00 0.93
338.00 183.00 392.00 227.00 0.74
person_230.png
423.00 128.00 509.00 206.00 0.98
156.00 136.00 207.00 187.00 0.96
266.00 126.00 361.00 201.00 0.92
person_107.png
76.00 199.00 190.00 291.00 0.78
244.00 111.00 366.00 226.00 0.68
crop001501.png
person_and_bike_113.png
221.00 9.00 335.00 101.00 0.85
person_and_bike_072.png
389.00 54.00 493.00 140.00 0.94
person_015.png
211.00 189.00 272.00 251.00 0.86
crop001659.png
crop001639.png
563.00 173.00 715.00 324.00 0.87
794.00 210.00 954.00 341.00 0.80
132.00 237.00 280.00 357.00 0.79
person_248.png
383.00 167.00 467.00 234.00 0.98
269.00 122.00 361.00 195.00 0.97
person_026.png
186.00 53.00 332.00 206.00 0.85
person_336.png
370.00 105.00 455.00 169.00 0.98
person_and_bike_087.png
305.00 28.00 389.00 115.00 0.96
person_089.png
crop001719.png
362.00 376.00 476.00 470.00 0.94
crop001604.png
326.00 218.00 406.00 286.00 0.89
crop001718.png
622.00 380.00 711.00 452.00 0.80
832.00 403.00 919.00 475.00 0.68
person_and_bike_071.png
274.00 55.00 351.00 144.00 0.82
person_070.png
222.00 150.00 303.00 202.00 0.52
crop001514.png
550.00 260.00 654.00 347.00 0.94
297.00 232.00 381.00 307.00 0.75
391.00 251.00 459.00 333.00 0.58
person_and_bike_038.png
486.00 115.00 578.00 186.00 0.84
312.00 129.00 368.00 180.00 0.74
268.00 119.00 318.00 174.00 0.61
person_036.png
208.00 84.00 342.00 202.00 0.92
person_and_bike_069.png
295.00 41.00 401.00 142.00 0.94
person_132.png
387.00 184.00 436.00 233.00 0.75
person_249.png
220.00 185.00 290.00 242.00 0.92
471.00 166.00 533.00 226.00 0.85
420.00 170.00 475.00 227.00 0.84
284.00 181.00 346.00 239.00 0.78
person_159.png
312.00 160.00 365.00 204.00 0.67
263.00 176.00 310.00 219.00 0.57
crop001670.png
424.00 255.00 515.00 335.00 0.94
598.00 247.00 682.00 360.00 0.69
770.00 230.00 874.00 342.00 0.58
crop_000004.png
156.00 60.00 221.00 132.00 0.98
person_280.png
272.00 164.00 341.00 227.00 0.87
340.00 151.00 384.00 199.00 0.86
person_052.png
289.00 110.00 372.00 186.00 0.69
person_and_bike_065.png
224.00 37.00 311.00 110.00 0.96
crop001641.png
278.00 212.00 435.00 333.00 0.93
607.00 235.00 711.00 358.00 0.90
person_and_bike_136.png
332.00 160.00 391.00 218.00 0.91
202.00 175.00 262.00 219.00 0.89
121.00 172.00 178.00 218.00 0.83
389.00 153.00 448.00 208.00 0.60
person_272.png
59.00 74.00 149.00 165.00 0.98
186.00 62.00 283.00 157.00 0.83
453.00 41.00 557.00 142.00 0.75
307.00 48.00 425.00 154.00 0.65
person_120.png
253.00 165.00 332.00 242.00 0.96
person_217.png
437.00 188.00 498.00 241.00 0.94
245.00 213.00 315.00 274.00 0.87
53.00 195.00 104.00 245.00 0.80
370.00 189.00 424.00 247.00 0.74
165.00 199.00 216.00 248.00 0.70
232.00 178.00 294.00 228.00 0.68
person_and_bike_052.png
278.00 39.00 373.00 130.00 0.96
person_and_bike_083.png
243.00 36.00 350.00 128.00 0.98
person_and_bike_096.png
212.00 41.00 304.00 123.00 0.96
person_and_bike_088.png
296.00 48.00 397.00 136.00 0.90
person_029.png
85.00 81.00 229.00 227.00 0.97
crop001704.png
crop001549.png
531.00 251.00 632.00 344.00 0.80
178.00 147.00 317.00 255.00 0.54
person_and_bike_114.png
289.00 47.00 364.00 132.00 0.70
423.00 250.00 467.00 295.00 0.55
crop_000001.png
162.00 59.00 316.00 205.00 0.79
person_and_bike_181.png
321.00 182.00 393.00 239.00 0.94
257.00 186.00 320.00 239.00 0.91
crop001676.png
212.00 203.00 305.00 305.00 0.92
949.00 476.00 1032.00 568.00 0.71
780.00 438.00 888.00 554.00 0.70
638.00 380.00 729.00 490.00 0.55
crop001688.png
564.00 190.00 774.00 364.00 0.88
crop001631.png
person_094.png
189.00 107.00 312.00 223.00 0.93
person_and_bike_177.png
125.00 134.00 238.00 238.00 1.00
person_and_bike_062.png
278.00 41.00 377.00 127.00 0.99
person_303.png
260.00 151.00 346.00 232.00 0.87
383.00 129.00 447.00 193.00 0.77
211.00 129.00 257.00 179.00 0.75
118.00 120.00 184.00 174.00 0.61
151.00 151.00 204.00 211.00 0.50
person_and_bike_107.png
person_186.png
254.00 170.00 324.00 233.00 0.91
352.00 165.00 408.00 219.00 0.54
person_033.png
159.00 124.00 292.00 239.00 0.95
person_and_bike_103.png
person_and_bike_163.png
189.00 36.00 284.00 139.00 0.92
person_037.png
243.00 237.00 310.00 301.00 0.92
crop_000009.png
301.00 63.00 486.00 232.00 0.98
person_095.png
162.00 108.00 288.00 215.00 0.97
person_and_bike_162.png
235.00 47.00 350.00 142.00 0.69
211.00 -5.00 368.00 160.00 0.56
person_317.png
335.00 149.00 391.00 206.00 0.96
202.00 155.00 259.00 234.00 0.60
crop_000021.png
308.00 58.00 446.00 161.00 0.95
person_and_bike_133.png
258.00 113.00 349.00 193.00 0.99
355.00 143.00 412.00 225.00 0.93
crop001658.png
person_134.png
237.00 122.00 336.00 198.00 0.97
334.00 110.00 427.00 192.00 0.93
person_053.png
291.00 127.00 394.00 188.00 0.89
person_318.png
224.00 108.00 296.00 174.00 0.96
315.00 123.00 362.00 170.00 0.61
person_and_bike_043.png
315.00 40.00 407.00 123.00 0.99
crop_000020.png
269.00 66.00 355.00 184.00 0.68
person_306.png
158.00 136.00 252.00 221.00 0.95
257.00 145.00 339.00 216.00 0.93
person_and_bike_112.png
205.00 5.00 340.00 89.00 0.66
crop_000019.png
440.00 77.00 590.00 225.00 0.97
crop001723.png
385.00 202.00 436.00 249.00 0.55
person_and_bike_111.png
296.00 22.00 393.00 101.00 0.94
person_and_bike_050.png
312.00 33.00 423.00 117.00 0.91
person_and_bike_006.png
205.00 66.00 290.00 150.00 0.98
crop_000013.png
209.00 93.00 328.00 254.00 0.76
person_and_bike_080.png
392.00 39.00 504.00 146.00 0.95
person_and_bike_090.png
140.00 60.00 229.00 134.00 0.94
person_058.png
321.00 126.00 387.00 187.00 0.82
262.00 225.00 328.00 261.00 0.52
person_096.png
204.00 97.00 324.00 202.00 0.99
377.00 42.00 426.00 102.00 0.76
person_038.png
227.00 201.00 317.00 289.00 0.88
person_030.png
134.00 42.00 265.00 241.00 0.98
person_204.png
336.00 102.00 431.00 180.00 0.92
508.00 95.00 563.00 144.00 0.87
95.00 73.00 174.00 129.00 0.87
241.00 158.00 317.00 222.00 0.69
567.00 132.00 637.00 195.00 0.67
284.00 80.00 332.00 144.00 0.54
person_and_bike_079.png
285.00 52.00 398.00 150.00 0.94
person_236.png
316.00 141.00 388.00 200.00 0.89
540.00 153.00 595.00 200.00 0.86
person_and_bike_053.png
268.00 23.00 356.00 121.00 0.95
person_and_bike_102.png
259.00 43.00 348.00 129.00 0.96
person_and_bike_076.png
324.00 43.00 410.00 124.00 0.97
149.00 24.00 209.00 90.00 0.66
person_and_bike_141.png
222.00 51.00 326.00 137.00 0.98
crop001706.png
719.00 100.00 917.00 298.00 0.70
person_and_bike_051.png
309.00 83.00 385.00 149.00 0.97
person_136.png
326.00 133.00 394.00 186.00 0.95
234.00 149.00 308.00 205.00 0.84
person_190.png
132.00 126.00 204.00 192.00 0.90
259.00 145.00 315.00 201.00 0.87
440.00 121.00 521.00 180.00 0.73
person_and_bike_085.png
299.00 70.00 396.00 156.00 0.96
person_and_bike_042.png
322.00 55.00 408.00 131.00 0.78
person_282.png
266.00 136.00 332.00 209.00 0.88
person_293.png
268.00 106.00 354.00 181.00 0.85
170.00 109.00 216.00 149.00 0.66
person_and_bike_160.png
287.00 40.00 416.00 136.00 0.99
crop_000015.png
249.00 121.00 414.00 231.00 0.81
person_085.png
143.00 179.00 216.00 272.00 0.68
261.00 144.00 395.00 244.00 0.64
person_and_bike_097.png
310.00 19.00 428.00 115.00 0.97
crop001602.png
crop001593.png
404.00 225.00 459.00 272.00 0.66
person_122.png
211.00 232.00 276.00 283.00 0.56
person_009.png
180.00 81.00 315.00 206.00 0.82
crop_000008.png
484.00 69.00 604.00 244.00 0.88
crop_000005.png
182.00 72.00 243.00 130.00 0.91
59.00 59.00 121.00 117.00 0.90
person_and_bike_164.png
239.00 46.00 355.00 140.00 0.99
person_337.png
190.00 146.00 249.00 202.00 0.96
316.00 178.00 381.00 236.00 0.90
265.00 154.00 322.00 206.00 0.88
78.00 142.00 129.00 189.00 0.78
person_032.png
177.00 61.00 305.00 178.00 0.84
195.00 63.00 278.00 141.00 0.61
person_and_bike_067.png
259.00 53.00 361.00 134.00 0.99
person_and_bike_035.png
181.00 145.00 237.00 208.00 0.91
269.00 134.00 332.00 201.00 0.82
person_and_bike_028.png
260.00 140.00 342.00 221.00 0.96
person_115.png
163.00 107.00 258.00 212.00 0.67
260.00 132.00 346.00 223.00 0.57
person_063.png
322.00 173.00 393.00 225.00 0.91
person_206.png
304.00 176.00 397.00 248.00 0.92
person_138.png
340.00 63.00 427.00 145.00 0.97
194.00 68.00 294.00 152.00 0.95
485.00 43.00 561.00 127.00 0.87
person_and_bike_153.png
390.00 142.00 465.00 207.00 0.92
person_071.png
200.00 77.00 286.00 165.00 0.96
person_and_bike_126.png
368.00 142.00 452.00 210.00 0.99
301.00 140.00 367.00 214.00 0.63
119.00 139.00 166.00 185.00 0.53
person_and_bike_190.png
216.00 146.00 288.00 203.00 0.98
301.00 128.00 371.00 203.00 0.77
person_127.png
339.00 71.00 438.00 157.00 0.96
254.00 121.00 330.00 194.00 0.57
person_013.png
202.00 218.00 307.00 303.00 0.55
person_and_bike_057.png
243.00 43.00 345.00 134.00 0.98
person_250.png
124.00 101.00 206.00 175.00 0.97
238.00 95.00 331.00 176.00 0.90
355.00 85.00 445.00 162.00 0.81
crop001607.png
796.00 143.00 882.00 201.00 0.80
304.00 165.00 389.00 246.00 0.77
crop001661.png
person_and_bike_063.png
277.00 49.00 375.00 129.00 0.99
person_010.png
227.00 153.00 299.00 252.00 0.84
person_212.png
person_and_bike_095.png
194.00 54.00 285.00 141.00 0.94
person_098.png
302.00 103.00 430.00 197.00 0.87
114.00 144.00 225.00 225.00 0.69
person_and_bike_061.png
296.00 55.00 394.00 126.00 0.93
person_and_bike_054.png
233.00 52.00 324.00 136.00 0.99
person_255.png
222.00 144.00 294.00 207.00 0.87
crop001590.png
757.00 139.00 940.00 303.00 0.88
person_039.png
person_and_bike_081.png
292.00 45.00 406.00 148.00 0.96
person_and_bike_058.png
179.00 43.00 270.00 132.00 0.95
crop_000023.png
496.00 86.00 622.00 197.00 0.99
person_and_bike_093.png
261.00 42.00 363.00 121.00 0.95
crop_000604.png
83.00 54.00 155.00 120.00 0.95
308.00 51.00 370.00 106.00 0.62
person_and_bike_066.png
251.00 40.00 360.00 128.00 0.97
255.00 201.00 309.00 250.00 0.50
person_251.png
343.00 74.00 429.00 163.00 0.98
219.00 81.00 323.00 154.00 0.91
473.00 92.00 525.00 148.00 0.83
person_092.png
222.00 119.00 311.00 217.00 0.88
person_and_bike_045.png
199.00 44.00 314.00 140.00 0.99
person_and_bike_046.png
234.00 49.00 331.00 122.00 0.94
crop001684.png
265.00 100.00 300.00 134.00 0.67
crop001555.png
166.00 173.00 229.00 243.00 0.84
438.00 356.00 530.00 414.00 0.68
crop001683.png
349.00 154.00 438.00 231.00 0.74
235.00 177.00 317.00 260.00 0.59
crop001660.png
315.00 314.00 417.00 394.00 0.62
crop_000006.png
188.00 75.00 325.00 201.00 0.67
crop001531.png
person_and_bike_070.png
240.00 53.00 342.00 141.00 0.98
crop001504.png
333.00 275.00 392.00 328.00 0.68
person_and_bike_110.png
285.00 -3.00 392.00 88.00 0.97
crop_000007.png
571.00 133.00 725.00 231.00 0.79
person_007.png
152.00 106.00 231.00 203.00 0.88
person_093.png
258.00 149.00 368.00 228.00 1.00
116.00 131.00 214.00 232.00 0.71
person_and_bike_091.png
person_and_bike_149.png
213.00 184.00 300.00 245.00 0.97
person_and_bike_105.png
278.00 41.00 386.00 128.00 0.96
person_and_bike_161.png
257.00 55.00 367.00 141.00 0.97
person_and_bike_189.png
251.00 90.00 359.00 185.00 0.95
crop_000024.png
198.00 109.00 333.00 236.00 0.97
crop001546.png
509.00 200.00 625.00 325.00 0.67
crop001654.png
307.00 215.00 455.00 337.00 0.92
person_011.png
177.00 154.00 285.00 234.00 0.94
person_216.png
218.00 133.00 294.00 194.00 0.96
362.00 131.00 435.00 202.00 0.92
crop_000026.png
519.00 177.00 611.00 267.00 0.94
350.00 157.00 436.00 239.00 0.86
711.00 111.00 841.00 200.00 0.63
crop_000018.png
250.00 67.00 385.00 180.00 0.89
person_028.png
167.00 70.00 295.00 208.00 0.96
person_and_bike_104.png
person_087.png
233.00 186.00 327.00 276.00 0.82
person_and_bike_086.png
281.00 54.00 395.00 128.00 0.97
person_075.png
275.00 182.00 327.00 230.00 0.92
person_and_bike_101.png
337.00 51.00 408.00 131.00 0.61
crop_000012.png
206.00 152.00 322.00 276.00 0.99
person_200.png
171.00 199.00 222.00 244.00 0.52
person_088.png
157.00 136.00 288.00 243.00 0.89
318.00 134.00 392.00 191.00 0.59
person_and_bike_109.png
179.00 37.00 316.00 103.00 0.64
person_and_bike_165.png
239.00 39.00 340.00 123.00 0.98
person_and_bike_048.png
212.00 51.00 312.00 142.00 0.97
person_064.png
251.00 131.00 364.00 217.00 0.98
person_314.png
178.00 136.00 244.00 194.00 0.88
508.00 113.00 585.00 186.00 0.86
crop001715.png
394.00 263.00 496.00 358.00 0.73
person_and_bike_060.png
253.00 31.00 346.00 125.00 0.95
person_051.png
294.00 101.00 369.00 193.00 0.77
person_188.png
422.00 189.00 471.00 248.00 0.62
268.00 176.00 316.00 219.00 0.59
person_012.png
229.00 198.00 280.00 269.00 0.92
person_315.png
person_040.png
181.00 148.00 290.00 221.00 0.68
crop001716.png
61.00 244.00 142.00 317.00 0.98
231.00 257.00 300.00 330.00 0.86
person_014.png
179.00 126.00 296.00 227.00 0.90
person_290.png
319.00 153.00 407.00 210.00 0.95
person_105.png
115.00 120.00 213.00 211.00 0.79
236.00 126.00 339.00 210.00 0.77
crop001573.png
233.00 279.00 312.00 357.00 0.52
person_222.png
407.00 70.00 506.00 152.00 0.97
161.00 92.00 261.00 182.00 0.67
crop_000017.png
532.00 72.00 684.00 221.00 0.95
person_198.png
205.00 88.00 300.00 177.00 0.94
333.00 109.00 422.00 193.00 0.89
person_and_bike_099.png
239.00 5.00 364.00 82.00 0.73
person_and_bike_049.png
309.00 36.00 396.00 121.00 0.95
crop001512.png
859.00 282.00 994.00 404.00 0.94
525.00 280.00 661.00 392.00 0.86
334.00 261.00 440.00 352.00 0.56
person_316.png
286.00 216.00 339.00 277.00 0.88
322.00 193.00 401.00 266.00 0.88
crop001724.png
80.00 158.00 140.00 223.00 0.86
220.00 155.00 278.00 198.00 0.78
person_194.png
360.00 180.00 404.00 233.00 0.58
person_and_bike_108.png
person_and_bike_092.png
271.00 28.00 379.00 116.00 0.92
crop001653.png
337.00 202.00 425.00 284.00 0.92
person_059.png
301.00 126.00 393.00 219.00 0.76
person_and_bike_059.png
267.00 56.00 367.00 140.00 0.95
person_and_bike_047.png
288.00 59.00 392.00 145.00 0.98
person_and_bike_004.png
144.00 17.00 328.00 196.00 0.96
person_137.png
216.00 90.00 267.00 149.00 0.85
116.00 69.00 172.00 119.00 0.84
309.00 91.00 367.00 154.00 0.84
153.00 104.00 200.00 163.00 0.73
person_161.png
278.00 101.00 374.00 173.00 0.88
crop001521.png
person_and_bike_159.png
259.00 55.00 373.00 136.00 0.95
person_and_bike_082.png
313.00 38.00 399.00 129.00 0.96
person_and_bike_055.png
235.00 65.00 329.00 146.00 0.96
person_and_bike_084.png
302.00 53.00 401.00 143.00 0.95
person_099.png
202.00 137.00 321.00 227.00 0.99
36.00 77.00 83.00 165.00 0.64
person_056.png
324.00 74.00 405.00 151.00 0.93
person_076.png
269.00 131.00 372.00 220.00 0.94
crop001633.png
crop001664.png
person_008.png
179.00 115.00 289.00 215.00 0.86
256.00 210.00 335.00 323.00 0.53
person_034.png
131.00 57.00 267.00 191.00 0.98
crop001574.png
person_and_bike_027.png
242.00 117.00 303.00 175.00 0.95
305.00 142.00 357.00 195.00 0.56
person_193.png
183.00 147.00 270.00 218.00 0.73
333.00 159.00 400.00 222.00 0.65
person_and_bike_012.png
346.00 75.00 447.00 154.00 0.94
211.00 87.00 308.00 171.00 0.93
7.00 72.00 60.00 113.00 0.67
person_135.png
191.00 152.00 256.00 214.00 0.87
256.00 158.00 322.00 218.00 0.85
315.00 142.00 400.00 216.00 0.80