crop_000001.png
130 73 344 626 0.99551713
crop_000002.png
104 86 225 456 0.94263715
crop_000003.png
304 70 449 401 0.8711616
crop_000004.png
143 55 246 339 0.97066855
crop_000005.png
53 62 135 299 0.49672374
180 63 252 325 0.82923615
crop_000006.png
152 89 383 612 0.9971341
crop_000007.png
529 118 752 588 0.9640092
crop_000008.png
422 52 625 664 0.93914485
crop_000009.png
205 57 515 657 0.9691217
crop_000012.png
152 129 392 629 0.95009863
crop_000013.png
173 92 460 615 0.90576345
crop_000015.png
216 106 465 642 0.99721247
crop_000016.png
565 90 772 659 0.83836013
crop_000017.png
500 69 717 694 0.7939491
crop_000018.png
231 62 476 586 0.98850924
crop_000019.png
430 108 625 629 0.6689665
crop_000020.png
265 67 387 487 0.9082941
crop_000021.png
303 62 451 480 0.5934945
crop_000023.png
474 96 646 546 0.3981011
crop_000024.png
crop_000025.png
277 73 525 672 0.94164926
crop_000026.png
678 94 853 524 0.43385583
336 159 463 440 0.7160458
128 279 250 487 0.82731956
512 172 607 481 0.9220404
crop_000027.png
44 32 220 603 0.8946655
438 35 622 662 0.9828589
crop_000604.png
75 42 169 307 0.4349624
292 54 372 278 0.65296996
160 72 226 296 0.6662166
crop001501.png
242 119 300 302 0.37948406
827 190 893 300 0.44553947
crop001504.png
337 278 400 454 0.7653755
261 290 323 441 0.83667177
crop001511.png
303 265 450 730 0.9565649
crop001512.png
317 242 444 591 0.64718634
518 273 675 662 0.8175249
852 298 985 712 0.9800777
crop001514.png
541 268 664 615 0.9393405
366 247 480 606 0.9770652
crop001520.png
292 277 436 702 0.98135984
480 239 660 737 0.98194015
crop001521.png
256 164 323 378 0.31644917
543 192 608 367 0.43201548
486 172 548 370 0.6371273
363 175 438 368 0.646115
196 176 264 388 0.8268187
crop001522.png
911 158 985 370 0.47658244
570 234 730 747 0.63849664
crop001531.png
241 235 364 511 0.961061
crop001533.png
754 317 843 633 0.7502082
643 327 700 541 0.799269
198 328 297 562 0.80315644
406 326 479 542 0.80394644
crop001544.png
218 234 373 764 0.5755461
385 286 508 756 0.7988229
crop001545.png
387 237 579 687 0.9741756
crop001546.png
411 231 544 606 0.74664205
535 226 638 591 0.8593096
crop001549.png
518 257 637 576 0.9574033
crop001555.png
282 345 377 561 0.5023661
143 192 241 368 0.85343695
438 370 548 543 0.9091382
crop001566.png
106 125 220 450 0.59683686
234 283 311 439 0.8078554
crop001573.png
521 234 578 562 0.39512122
309 278 413 548 0.5182572
225 275 317 540 0.5861228
793 272 894 543 0.70265585
578 241 675 559 0.92546934
crop001574.png
200 205 303 476 0.8066127
crop001590.png
704 116 992 905 0.88919103
crop001593.png
619 239 696 422 0.31921473
403 220 467 405 0.5535685
485 239 551 421 0.8150584
320 237 390 410 0.9031464
crop001602.png
crop001604.png
299 206 426 526 0.60519207
crop001607.png
627 128 700 401 0.32867253
781 159 909 374 0.35668448
740 127 804 410 0.39604214
555 117 642 423 0.51357186
500 111 584 419 0.5158765
684 131 756 407 0.61749315
414 116 479 415 0.7866352
301 144 392 490 0.8767868
202 162 291 478 0.88333684
crop001631.png
182 244 263 494 0.4789083
291 238 353 483 0.8770743
crop001633.png
756 363 900 662 0.30609486
309 296 450 594 0.5412505
905 274 976 582 0.9227994
crop001634.png
209 181 324 451 0.9201308
crop001638.png
609 268 751 764 0.8685926
428 337 587 744 0.9303005
crop001639.png
523 174 723 700 0.7275529
743 210 967 760 0.8732373
crop001641.png
267 233 440 579 0.54375666
crop001653.png
325 206 432 484 0.9949007
crop001654.png
293 232 467 657 0.8497393
crop001658.png
310 157 369 395 0.9117636
238 141 293 419 0.919308
376 160 438 388 0.95403004
crop001659.png
618 223 725 470 0.7669031
crop001660.png
313 291 425 672 0.9814232
crop001661.png
426 234 529 555 0.39042836
311 247 464 571 0.79966605
crop001664.png
654 300 683 467 0.3456862
677 309 715 458 0.7559468
crop001670.png
770 250 956 548 0.33519295
408 244 533 529 0.49917343
302 222 413 540 0.58942354
580 265 687 551 0.89016294
173 236 299 532 0.9535654
crop001676.png
243 414 391 741 0.80715144
946 487 1048 761 0.8243847
411 409 553 671 0.90107965
613 382 739 741 0.9695674
777 443 906 756 0.97085196
crop001682.png
200 176 291 454 0.33943066
700 131 770 434 0.60948604
554 148 652 453 0.94784826
crop001683.png
212 180 325 499 0.97265565
308 183 465 432 0.98424816
crop001684.png
249 89 303 229 0.9067826
crop001688.png
540 157 835 908 0.8717731
crop001704.png
95 328 254 765 0.61273324
crop001706.png
671 67 964 902 0.93105006
crop001715.png
480 211 596 651 0.8882303
386 264 499 634 0.9327941
crop001716.png
50 242 164 521 0.8307782
222 273 301 525 0.97614706
crop001718.png
921 364 983 582 0.42223594
813 397 934 672 0.65402126
511 346 587 581 0.8507863
618 376 719 653 0.94260085
crop001719.png
437 375 560 715 0.58720845
341 370 488 735 0.8408691
crop001722.png
126 342 280 795 0.64999086
226 285 393 800 0.71233034
crop001723.png
370 185 450 410 0.9954508
crop001724.png
215 152 287 322 0.958049
crop001725.png
179 206 219 381 0.87817895
211 191 252 398 0.9803679
person_007.png
132 95 261 480 0.81007326
person_008.png
170 101 313 567 0.97549254
person_009.png
141 96 403 568 0.99086267
person_010.png
212 179 304 535 0.9655527
person_011.png
155 170 311 480 0.8558315
person_012.png
215 200 285 459 0.9908032
person_013.png
person_014.png
164 121 323 553 0.9252529
person_015.png
209 192 277 383 0.9567231
person_026.png
169 39 323 636 0.9279768
person_028.png
140 57 312 620 0.9674508
person_029.png
89 69 251 606 0.9008218
person_030.png
133 13 262 640 0.8385784
person_032.png
157 24 315 640 0.89721805
person_033.png
138 118 321 625 0.984196
person_034.png
132 33 277 616 0.93893194
person_036.png
204 89 366 573 0.992903
person_037.png
227 237 335 529 0.7753738
person_038.png
227 210 332 506 0.52810454
person_039.png
197 225 266 406 0.9706774
person_040.png
170 144 301 496 0.82540816
person_051.png
290 104 388 435 0.31584972
person_052.png
286 116 368 423 0.9560001
person_053.png
296 129 387 409 0.42087826
person_055.png
272 166 381 446 0.43204117
person_056.png
299 91 411 406 0.5832415
person_058.png
319 130 403 357 0.93594074
person_059.png
300 138 398 406 0.818222
person_062.png
378 177 501 408 0.5056221
person_063.png
307 167 408 404 0.7564492
person_064.png
223 138 379 473 0.87240213
person_065.png
262 126 346 444 0.87420356
person_070.png
220 135 308 415 0.98908305
person_071.png
205 84 310 415 0.31058747
person_073.png
302 213 396 408 0.6413834
person_075.png
262 173 336 351 0.98616165
person_076.png
250 137 394 426 0.7817662
person_085.png
221 115 395 583 0.56346095
138 184 225 476 0.96293855
person_087.png
227 193 334 529 0.48442888
person_088.png
152 129 314 544 0.9788
person_089.png
175 156 311 482 0.51518184
person_090.png
224 166 326 512 0.8749355
person_092.png
191 113 320 515 0.7847977
person_093.png
103 125 238 527 0.4301025
256 127 388 541 0.64261806
person_094.png
186 104 321 570 0.9524909
person_095.png
342 119 407 295 0.3378293
151 88 332 576 0.9317206
person_096.png
174 95 366 532 0.9717457
person_098.png
284 102 462 515 0.5604419
55 131 147 488 0.5966754
116 143 257 513 0.8266716
person_099.png
188 122 349 553 0.921685
person_100.png
331 221 400 459 0.9417383
155 232 239 462 0.97073036
person_104.png
160 217 282 489 0.43138477
275 213 386 497 0.6688944
person_105.png
116 127 231 475 0.44159555
219 124 359 491 0.735928
person_107.png
58 161 199 608 0.6208527
220 108 393 596 0.7606492
person_115.png
253 121 382 550 0.3880409
123 99 276 537 0.46768954
person_118.png
189 199 247 380 0.8821622
person_120.png
250 186 347 411 0.4205461
154 189 265 441 0.71893865
person_122.png
208 236 283 447 0.9657796
person_127.png
241 129 340 387 0.9341283
person_132.png
145 223 163 299 0.4362809
106 216 143 328 0.79935366
199 189 252 327 0.8443041
243 171 284 330 0.87846714
295 185 340 328 0.880429
390 175 433 330 0.93516207
466 169 506 331 0.95701635
person_134.png
489 79 517 212 0.6479406
342 95 435 445 0.7050807
233 130 336 428 0.79785824
person_135.png
253 147 319 397 0.76998895
309 136 393 384 0.7963327
191 138 258 409 0.9528218
person_136.png
317 135 406 375 0.7569115
232 157 315 377 0.88918763
person_137.png
109 67 180 283 0.4959346
159 102 215 292 0.64650613
306 97 375 291 0.8228848
382 115 434 291 0.86950934
211 70 277 316 0.97120583
person_138.png
338 67 434 354 0.79527843
483 38 574 357 0.95478106
person_159.png
215 171 257 346 0.45860353
266 167 311 330 0.5768648
308 154 373 337 0.960685
person_161.png
279 88 374 433 0.35250044
person_164.png
245 160 335 363 0.91851115
person_186.png
250 178 330 367 0.98351014
344 165 402 374 0.9846474
person_188.png
219 164 267 349 0.8176418
261 155 324 344 0.88271
358 182 402 354 0.9414694
418 172 476 382 0.99204624
person_189.png
268 132 366 408 0.7983004
362 141 431 381 0.9300644
person_190.png
427 126 529 341 0.41296202
355 131 456 390 0.68917924
259 143 325 356 0.89189434
127 127 207 347 0.9549659
person_191.png
263 185 303 304 0.6881319
225 163 261 302 0.6886768
339 194 389 341 0.8484489
185 169 225 300 0.8872518
394 161 475 386 0.96506363
482 161 546 376 0.97155434
person_193.png
332 168 402 373 0.8878382
179 152 277 406 0.9159443
person_194.png
257 175 324 360 0.6794479
352 175 408 345 0.684209
411 173 450 339 0.7448088
person_198.png
323 121 424 418 0.5826078
person_200.png
415 188 465 352 0.30467373
308 168 344 381 0.30539766
481 212 528 344 0.3459754
264 178 298 374 0.36554012
71 199 119 361 0.4034936
605 181 636 314 0.44993114
193 187 233 357 0.48580006
365 199 410 354 0.7470535
person_204.png
455 90 483 218 0.44482535
505 86 566 277 0.5449594
89 63 182 311 0.7653836
238 157 325 383 0.8903139
person_206.png
303 194 402 422 0.9676294
person_207.png
188 169 232 315 0.37203732
300 164 360 328 0.541173
410 175 481 399 0.8434024
person_210.png
331 149 418 392 0.9721908
247 160 334 385 0.9915896
person_212.png
302 164 369 355 0.8731164
person_216.png
212 134 320 380 0.78918815
346 135 435 452 0.9484444
person_217.png
170 191 209 367 0.5681549
236 216 326 422 0.6961543
46 183 113 389 0.80790424
366 180 427 392 0.8632834
433 182 508 382 0.97521746
person_218.png
216 112 351 455 0.37030667
333 132 412 373 0.8786783
person_222.png
396 80 506 421 0.40993357
162 75 258 445 0.5348068
person_230.png
261 126 362 430 0.6350936
151 138 210 310 0.9816195
person_236.png
482 134 532 367 0.5218514
448 170 504 326 0.660851
207 163 266 311 0.78174514
312 153 399 383 0.7930724
536 146 606 347 0.9349378
person_246.png
204 36 298 429 0.5893712
person_247.png
255 139 316 381 0.82388633
319 142 387 375 0.88566464
person_248.png
262 108 366 441 0.37853244
377 179 474 407 0.79981214
person_249.png
279 187 350 385 0.6307052
216 188 298 406 0.6726735
468 159 538 400 0.7679065
413 169 490 391 0.89267665
person_250.png
231 104 333 445 0.55432665
116 102 218 395 0.9355992
person_251.png
198 80 337 429 0.36206263
462 87 532 274 0.48023513
327 72 472 429 0.54629123
person_255.png
217 148 308 364 0.9822172
407 167 475 372 0.9833237
person_263.png
184 133 282 453 0.8318789
282 145 379 415 0.9417019
356 156 426 392 0.95232517
person_265.png
490 181 573 376 0.8790453
390 173 472 379 0.94675803
person_272.png
158 46 292 468 0.4531281
428 53 597 435 0.8079819
293 51 442 456 0.89006895
person_280.png
341 151 394 335 0.45458704
501 139 544 305 0.86976326
465 146 504 314 0.9352183
263 163 347 397 0.9673706
person_282.png
263 151 349 415 0.9804909
person_290.png
303 144 418 424 0.3823378
person_293.png
117 104 161 267 0.41849014
174 104 224 261 0.48547214
261 99 362 407 0.7502339
person_303.png
481 95 519 298 0.34395164
249 163 353 450 0.6019445
379 142 467 412 0.8976439
138 157 216 359 0.94843835
person_306.png
598 95 640 408 0.35567415
157 153 249 435 0.8650729
256 149 343 404 0.9493385
person_314.png
458 112 599 443 0.78242296
170 139 261 379 0.85515165
person_315.png
526 166 569 340 0.4434059
483 178 525 341 0.5691118
335 209 397 383 0.9432955
person_316.png
283 200 346 457 0.529413
319 198 412 456 0.8240458
person_317.png
332 144 400 375 0.9797264
205 162 279 385 0.9906197
person_318.png
314 131 368 314 0.96532005
215 116 306 350 0.99071646
person_323.png
228 114 397 406 0.37700003
person_325.png
218 115 332 389 0.733462
144 120 231 379 0.75456494
person_335.png
177 146 225 273 0.93094087
266 165 358 355 0.9311418
person_336.png
289 129 378 359 0.9498396
363 115 461 354 0.9622306
person_337.png
144 137 188 335 0.34477004
71 141 132 309 0.7977282
260 173 338 331 0.877607
313 174 382 389 0.9802911
186 136 252 355 0.9874094
person_347.png
423 175 507 358 0.81943566
254 110 358 390 0.900943
person_350.png
505 113 586 436 0.32115728
278 114 383 447 0.67181134
155 114 245 434 0.8968261
person_and_bike_004.png
154 8 312 640 0.88231087
person_and_bike_006.png
188 60 328 386 0.5057155
person_and_bike_012.png
347 83 449 410 0.5349663
213 102 311 416 0.8570365
person_and_bike_014.png
305 82 442 385 0.5172934
person_and_bike_027.png
515 279 588 469 0.49098504
237 112 311 310 0.62515455
300 139 373 317 0.93227285
person_and_bike_028.png
443 118 478 229 0.73593044
257 138 350 414 0.86687565
477 108 512 238 0.9314571
person_and_bike_029.png
202 156 308 455 0.678936
person_and_bike_035.png
172 148 247 409 0.98918927
271 142 343 410 0.98931736
person_and_bike_038.png
458 129 604 443 0.8251103
300 135 381 315 0.8485845
person_and_bike_042.png
286 58 426 409 0.89338803
person_and_bike_043.png
310 49 411 372 0.6896058
person_and_bike_044.png
282 72 397 380 0.5063994
person_and_bike_045.png
185 46 344 452 0.9840226
person_and_bike_046.png
202 42 361 364 0.9185977
person_and_bike_047.png
254 70 404 397 0.94405633
person_and_bike_048.png
145 49 376 431 0.985316
person_and_bike_049.png
291 35 413 385 0.63442343
person_and_bike_050.png
266 40 457 459 0.99554133
person_and_bike_051.png
263 56 402 411 0.41585013
person_and_bike_052.png
264 24 408 424 0.9160209
person_and_bike_053.png
248 0 371 468 0.8877776
person_and_bike_054.png
217 42 355 439 0.922486
person_and_bike_055.png
220 64 352 404 0.833629
person_and_bike_056.png
276 30 449 416 0.94278604
person_and_bike_057.png
239 73 362 383 0.32427767
person_and_bike_058.png
person_and_bike_059.png
244 69 382 399 0.8895931
person_and_bike_060.png
238 28 380 417 0.8906309
person_and_bike_061.png
286 52 412 445 0.8174817
person_and_bike_062.png
270 38 406 431 0.93527853
person_and_bike_063.png
241 37 431 415 0.9863617
person_and_bike_064.png
215 54 432 391 0.9687615
person_and_bike_065.png
person_and_bike_066.png
239 37 414 410 0.8593926
person_and_bike_067.png
231 57 388 386 0.7689868
person_and_bike_069.png
282 23 418 461 0.9323555
person_and_bike_070.png
203 39 363 408 0.8070663
person_and_bike_071.png
266 40 390 476 0.8594804
person_and_bike_072.png
394 59 500 393 0.42824587
person_and_bike_073.png
232 66 333 428 0.86081344
person_and_bike_076.png
314 23 416 380 0.629775
141 42 231 227 0.8852755
person_and_bike_077.png
375 47 481 321 0.8979731
person_and_bike_079.png
283 62 414 438 0.6665303
person_and_bike_080.png
371 52 527 462 0.97980714
person_and_bike_081.png
272 57 433 451 0.97989476
person_and_bike_082.png
303 30 435 411 0.7672602
person_and_bike_083.png
234 35 395 437 0.97739905
person_and_bike_084.png
254 65 446 450 0.98418766
person_and_bike_085.png
259 56 445 463 0.9756282
person_and_bike_086.png
270 58 438 401 0.98730534
person_and_bike_087.png
243 40 453 381 0.9612888
person_and_bike_088.png
297 49 435 430 0.9198889
person_and_bike_089.png
208 69 361 371 0.96020484
person_and_bike_090.png
131 63 241 401 0.54845446
person_and_bike_091.png
161 32 407 415 0.9885087
person_and_bike_092.png
209 19 414 395 0.9714389
person_and_bike_093.png
203 38 396 386 0.8308464
person_and_bike_094.png
213 49 393 398 0.96945083
person_and_bike_095.png
170 59 336 407 0.9197583
person_and_bike_096.png
199 35 336 380 0.5982561
person_and_bike_097.png
275 20 472 470 0.9972017
person_and_bike_098.png
191 20 422 380 0.9978847
person_and_bike_099.png
191 15 423 376 0.99677885
person_and_bike_100.png
200 20 416 262 0.31482562
person_and_bike_101.png
179 46 422 370 0.9810976
person_and_bike_102.png
238 28 369 421 0.61298835
person_and_bike_103.png
249 37 463 362 0.9878145
person_and_bike_104.png
274 61 486 423 0.9840309
person_and_bike_105.png
255 23 406 398 0.8530254
person_and_bike_106.png
252 30 409 391 0.9739584
person_and_bike_107.png
224 31 422 408 0.9927648
person_and_bike_108.png
189 0 423 360 0.9944436
person_and_bike_109.png
185 33 361 377 0.9819486
person_and_bike_110.png
276 0 397 412 0.9218717
person_and_bike_111.png
215 36 451 365 0.9914303
person_and_bike_112.png
189 0 379 383 0.99586153
person_and_bike_113.png
193 0 366 399 0.99363875
person_and_bike_114.png
243 59 379 446 0.9021659
person_and_bike_126.png
358 148 461 394 0.58295906
283 149 374 397 0.8609198
person_and_bike_133.png
254 134 357 377 0.9574395
356 155 426 384 0.9633189
person_and_bike_136.png
384 136 459 372 0.47271472
72 175 119 314 0.50534433
326 161 397 360 0.6752749
117 156 185 360 0.88500726
197 177 274 337 0.96498036
person_and_bike_140.png
247 135 351 371 0.9635832
person_and_bike_141.png
213 29 341 427 0.883198
person_and_bike_149.png
206 178 310 432 0.8034345
person_and_bike_153.png
378 148 473 400 0.96449304
person_and_bike_159.png
251 45 398 447 0.9727751
person_and_bike_160.png
258 48 418 446 0.95418
person_and_bike_161.png
241 72 377 403 0.8999752
person_and_bike_162.png
236 72 379 415 0.9442195
person_and_bike_163.png
174 46 306 428 0.89562774
person_and_bike_164.png
215 49 392 429 0.98713374
person_and_bike_165.png
226 40 374 376 0.5262189
person_and_bike_177.png
87 138 288 591 0.98380125
person_and_bike_181.png
258 187 323 384 0.7617593
322 178 399 387 0.8762711
person_and_bike_188.png
296 176 327 286 0.7712183
349 179 398 354 0.91046566
person_and_bike_189.png
233 101 388 449 0.8632043
person_and_bike_190.png
293 136 383 371 0.97368234
214 156 304 349 0.98976