person_089.png
192.64 157.15 282.78 229.98 0.91
person_290.png
323.90 149.64 411.10 211.24 0.93
person_and_bike_029.png
201.39 152.25 298.75 230.40 0.98
person_and_bike_153.png
385.52 142.57 467.26 206.16 0.97
person_188.png
424.39 190.48 470.21 241.67 0.98
268.05 175.91 316.20 216.69 0.97
216.54 184.11 262.28 225.70 0.95
356.43 185.04 393.66 223.95 0.97
crop001545.png
401.46 222.91 556.06 353.60 0.98
crop001531.png
278.47 225.18 356.51 294.56 0.97
person_135.png
183.12 151.84 260.22 213.96 0.98
313.94 142.92 391.28 203.31 0.96
256.02 158.98 323.34 215.47 0.93
crop001658.png
375.10 186.09 432.50 235.78 0.92
237.83 196.03 292.56 240.78 0.90
309.65 190.80 359.42 237.79 0.83
person_and_bike_107.png
person_and_bike_064.png
245.86 39.47 363.72 128.61 0.93
person_and_bike_165.png
242.46 40.79 343.32 119.14 0.94
person_and_bike_044.png
294.87 68.62 395.54 144.97 0.97
person_095.png
169.75 105.36 308.90 214.92 0.88
354.98 125.07 394.17 164.99 0.91
person_293.png
265.19 110.08 347.55 177.42 0.97
175.87 110.06 218.52 148.12 0.98
116.62 122.11 155.81 157.25 0.97
person_and_bike_181.png
322.78 186.76 392.08 234.39 0.98
256.40 185.19 319.43 236.11 0.95
person_and_bike_079.png
285.76 52.66 405.91 145.74 0.97
person_134.png
232.07 118.45 335.24 198.51 0.97
333.15 107.05 430.18 187.91 0.93
485.87 94.11 516.37 122.00 0.84
crop001604.png
328.91 210.32 402.25 290.84 0.99
person_092.png
200.06 116.75 296.32 208.32 0.74
233.49 121.44 319.95 218.44 0.90
crop001638.png
436.63 319.34 597.14 434.35 0.93
606.85 283.90 744.52 390.55 0.94
809.00 283.46 904.96 384.95 0.96
person_and_bike_113.png
213.10 7.35 341.86 106.10 0.77
person_336.png
367.09 102.50 456.29 169.93 0.95
297.10 127.89 369.44 184.50 0.95
crop001544.png
224.50 231.90 383.36 371.61 0.84
398.59 267.70 504.70 392.58 0.72
person_212.png
crop001631.png
291.86 264.02 347.78 320.71 0.85
196.70 274.10 258.86 324.84 0.88
person_104.png
281.33 207.80 382.29 283.63 0.95
163.79 197.23 265.69 271.03 0.94
person_and_bike_072.png
386.88 53.45 494.30 135.17 0.94
crop001520.png
527.49 228.10 639.15 368.17 0.96
304.83 256.25 412.76 378.08 0.96
crop001682.png
782.43 173.98 867.28 246.74 0.89
559.70 165.77 637.61 240.81 0.96
297.33 192.05 370.27 261.17 0.94
211.16 180.60 282.09 243.96 0.98
700.62 168.24 763.59 222.75 0.91
person_and_bike_073.png
237.97 53.34 322.38 134.68 0.97
person_and_bike_085.png
298.88 68.06 409.02 158.40 0.91
person_009.png
172.94 88.02 309.88 206.82 0.88
crop001684.png
263.31 99.46 304.03 130.19 0.97
person_218.png
226.00 107.23 338.87 189.86 0.95
331.06 130.72 413.19 195.50 0.94
person_and_bike_100.png
crop001659.png
650.99 231.43 709.19 287.63 0.96
crop_000001.png
169.18 67.78 318.56 195.81 0.90
crop_000018.png
261.55 64.36 396.77 190.90 0.81
person_and_bike_088.png
335.90 50.16 414.43 142.17 0.94
person_and_bike_093.png
262.86 43.00 364.17 122.15 0.96
person_and_bike_140.png
253.61 144.36 335.69 201.78 0.99
person_and_bike_057.png
247.42 48.49 351.15 129.04 0.96
crop_000008.png
468.84 72.41 616.10 243.57 0.86
person_and_bike_061.png
297.05 51.72 394.76 130.59 0.94
person_and_bike_126.png
366.68 140.52 455.15 208.51 0.97
299.03 146.43 367.18 207.81 0.99
119.08 139.89 167.74 176.88 0.97
person_034.png
126.85 59.01 275.92 193.55 0.93
person_013.png
200.87 219.65 317.04 312.89 0.91
person_and_bike_055.png
240.80 64.80 337.04 141.04 0.98
crop001504.png
337.12 279.34 392.78 326.39 0.92
266.83 284.62 317.86 325.00 0.86
person_132.png
383.66 182.49 435.73 226.36 0.98
459.85 179.98 504.13 215.39 0.97
220.89 185.44 266.95 219.36 0.73
202.19 186.92 244.75 221.95 0.97
297.65 185.76 337.94 219.70 0.91
239.68 183.64 280.26 216.72 0.84
101.98 209.96 136.14 244.03 0.93
person_071.png
202.62 75.84 309.72 160.35 0.95
crop001633.png
806.62 382.14 886.85 459.19 0.85
347.41 310.12 432.27 382.28 0.91
910.39 298.35 976.75 377.41 0.84
person_and_bike_035.png
270.59 134.99 335.48 201.20 0.98
179.25 141.87 233.42 209.63 0.97
person_317.png
200.10 158.86 266.67 230.02 0.99
336.05 148.79 390.50 199.48 0.95
person_and_bike_062.png
276.17 43.74 375.92 124.37 0.97
crop_000015.png
277.17 117.98 440.04 252.17 0.91
person_062.png
418.38 156.87 474.29 223.74 0.98
person_065.png
267.42 128.16 345.80 196.60 0.99
person_127.png
337.12 74.87 442.69 153.63 0.97
251.74 113.88 329.78 186.55 0.95
crop_000005.png
54.49 59.23 126.07 120.20 0.95
179.87 73.34 246.34 128.88 0.98
person_051.png
290.61 108.03 390.04 190.39 0.95
person_and_bike_110.png
282.25 0.00 395.69 89.90 0.90
person_and_bike_161.png
263.45 57.09 372.29 139.06 0.91
person_and_bike_177.png
112.99 130.47 244.73 236.02 0.95
crop001670.png
592.44 247.23 688.30 359.35 0.87
786.18 234.68 889.92 336.18 0.91
188.67 238.39 290.32 332.47 0.83
417.30 255.58 517.26 341.82 0.85
person_and_bike_043.png
312.37 40.58 408.27 119.88 0.98
crop001723.png
537.35 165.94 596.91 227.82 0.76
384.12 190.93 439.62 235.96 0.88
person_272.png
52.78 67.82 176.54 172.88 0.86
310.61 47.99 433.03 150.44 0.72
174.65 59.57 290.35 164.63 0.82
452.16 47.13 570.07 148.46 0.84
person_263.png
191.18 129.67 278.52 206.56 0.97
69.35 127.42 163.70 198.04 0.91
285.66 136.77 377.67 209.04 0.84
crop001514.png
549.31 260.52 655.62 348.72 0.97
373.58 250.98 452.56 324.45 0.95
300.27 234.91 373.00 303.06 0.91
person_and_bike_160.png
286.80 40.20 418.70 137.07 0.90
person_and_bike_047.png
289.70 63.61 393.38 144.54 0.98
person_and_bike_098.png
person_204.png
335.96 101.69 433.51 178.18 0.94
241.63 158.16 320.41 221.04 0.92
92.20 72.13 168.33 131.50 0.98
505.38 96.33 567.65 141.78 0.92
450.16 99.91 480.25 130.40 0.71
person_and_bike_050.png
309.98 32.11 439.66 125.38 0.85
person_040.png
173.85 146.81 284.05 222.50 0.93
person_026.png
195.34 74.62 328.61 198.16 0.86
person_303.png
261.27 150.57 350.45 238.76 0.85
382.73 133.11 453.74 198.31 0.95
115.08 121.06 174.11 178.41 0.73
211.34 124.87 260.62 181.36 0.94
154.56 149.02 202.15 203.82 0.86
482.57 126.69 520.76 163.02 0.89
person_070.png
223.10 140.43 304.52 211.72 0.97
crop001706.png
745.31 105.03 923.53 292.46 0.92
person_and_bike_163.png
190.36 45.91 289.81 133.94 0.97
person_038.png
228.85 199.56 328.44 287.19 0.94
person_053.png
306.20 122.27 390.48 189.41 0.97
crop001549.png
524.95 250.65 638.65 334.34 0.96
person_200.png
361.55 211.90 411.83 251.98 0.94
300.73 199.21 345.45 241.02 0.91
254.51 197.25 296.41 239.54 0.89
480.46 215.99 523.24 250.95 0.93
187.81 201.62 228.36 235.84 0.70
423.12 194.62 460.51 229.56 0.86
603.79 198.63 635.09 226.57 0.71
person_and_bike_092.png
269.92 32.41 382.45 118.56 0.79
crop_000016.png
594.09 89.84 746.74 220.75 0.97
person_and_bike_027.png
241.23 120.69 305.47 171.15 0.94
307.21 138.71 368.19 186.51 0.94
person_and_bike_067.png
260.46 54.84 362.94 133.98 0.93
person_007.png
149.48 102.39 239.19 199.68 0.98
person_350.png
153.70 81.98 222.74 167.97 0.96
510.25 111.30 575.23 183.72 0.91
person_and_bike_133.png
259.23 115.41 347.25 190.22 0.99
357.12 147.48 412.95 213.13 0.97
person_063.png
321.91 175.30 398.85 231.85 0.99
person_189.png
269.68 120.20 359.31 191.33 0.99
372.79 129.71 427.32 203.31 0.93
crop001676.png
246.82 406.13 369.76 497.75 0.96
788.43 438.64 891.37 547.28 0.81
642.36 380.38 736.49 498.55 0.96
215.07 208.48 303.92 305.52 0.82
945.11 480.12 1028.26 567.65 0.72
person_and_bike_049.png
306.21 39.37 400.66 118.50 0.96
person_207.png
407.38 179.31 479.94 237.80 0.99
302.50 171.84 356.94 215.20 0.74
188.27 173.97 232.34 207.33 0.82
crop001725.png
203.03 206.00 255.29 255.69 0.98
person_and_bike_087.png
305.43 28.82 409.33 111.36 0.91
crop001704.png
479.37 286.05 611.86 423.15 0.83
115.71 325.53 248.62 434.00 0.88
crop001555.png
302.74 348.39 365.03 417.84 0.83
163.72 177.84 228.31 236.55 0.92
458.64 355.28 522.30 414.39 0.80
person_and_bike_065.png
220.70 42.65 311.44 113.38 0.97
person_198.png
205.36 86.06 305.52 176.42 0.96
325.76 109.40 422.34 195.10 0.97
person_033.png
166.78 125.69 298.64 239.28 0.91
crop001715.png
389.28 263.94 501.86 363.32 0.97
501.83 225.32 579.61 323.67 0.74
person_and_bike_159.png
256.96 54.57 378.48 134.42 0.87
person_120.png
250.69 168.58 334.83 235.18 0.96
170.28 187.07 251.39 249.79 0.96
person_058.png
323.87 128.88 389.53 181.13 0.96
person_and_bike_136.png
118.61 169.03 182.74 217.40 0.96
327.37 164.87 390.10 214.15 0.96
389.61 153.95 449.95 204.11 0.95
203.78 172.51 264.59 220.34 0.98
person_087.png
232.09 181.22 331.65 271.76 0.98
person_039.png
199.89 230.72 256.89 273.66 0.99
person_337.png
316.75 177.07 378.87 233.80 0.92
265.05 152.28 327.01 204.33 0.71
191.62 147.17 246.45 196.46 0.90
75.44 140.59 131.43 183.10 0.86
144.98 164.82 187.09 202.35 0.92
person_and_bike_099.png
233.30 0.67 354.38 87.04 0.72
person_248.png
265.56 123.13 369.46 197.97 0.98
384.84 166.23 470.17 233.10 0.98
crop_000604.png
84.99 57.73 157.35 117.04 0.94
308.14 47.66 368.79 96.73 0.97
person_and_bike_105.png
278.09 40.88 383.20 119.60 0.85
person_316.png
321.35 195.62 398.07 263.71 0.71
297.46 205.78 369.29 266.41 0.83
285.70 213.52 344.97 271.04 0.94
crop001654.png
307.75 212.33 445.59 324.43 0.97
person_098.png
298.18 91.29 435.12 209.83 0.92
129.72 146.23 250.97 248.27 0.72
81.78 132.40 208.05 226.89 0.73
57.82 126.31 160.46 207.47 0.87
person_100.png
162.59 219.61 241.90 284.29 0.98
326.68 230.22 393.43 287.04 0.99
person_314.png
506.21 112.25 593.06 191.79 0.97
177.20 132.69 245.38 191.34 0.99
person_347.png
258.91 113.65 349.06 187.06 0.97
445.05 166.53 491.71 219.89 0.95
crop001634.png
249.71 167.78 310.54 252.44 0.96
person_164.png
249.92 150.82 324.43 207.20 0.98
crop001511.png
332.25 255.16 441.78 381.56 0.98
crop001573.png
801.76 273.53 889.77 348.49 0.97
585.75 261.26 668.90 335.45 0.92
322.45 288.12 402.62 357.70 0.93
235.40 274.59 307.36 342.68 0.96
521.53 270.42 588.91 340.37 0.93
person_030.png
140.31 65.69 276.19 204.28 0.85
person_and_bike_094.png
260.39 49.64 366.97 128.11 0.91
person_073.png
323.25 201.24 365.87 249.04 0.97
crop001566.png
120.91 135.77 206.68 219.72 0.97
250.61 294.26 298.18 333.87 0.89
crop_000024.png
199.37 119.63 337.05 235.25 0.98
person_and_bike_042.png
318.92 54.43 408.90 131.64 0.94
crop_000003.png
333.41 46.02 429.58 132.19 0.98
person_088.png
167.10 124.07 291.91 224.46 0.92
341.99 136.87 398.39 183.56 0.94
crop_000023.png
488.07 91.98 623.90 192.91 0.95
crop_000002.png
122.65 80.67 221.63 169.35 0.94
crop001607.png
307.93 167.12 390.82 246.74 0.97
210.63 152.82 281.61 235.57 0.94
798.94 137.95 887.67 202.88 0.93
625.25 136.81 697.19 201.95 0.92
507.12 128.00 572.87 185.95 0.96
415.24 152.14 473.35 214.14 0.95
740.83 148.28 797.36 205.49 0.72
person_and_bike_052.png
274.38 39.06 395.45 131.19 0.93
person_and_bike_114.png
283.37 53.63 370.42 136.10 0.96
person_222.png
162.43 82.12 260.63 169.65 0.95
405.21 68.83 508.25 151.94 0.96
person_064.png
251.44 133.86 365.20 214.12 0.93
person_246.png
281.68 84.83 394.67 180.01 0.89
191.33 29.28 294.59 116.29 0.91
person_and_bike_069.png
288.00 44.27 409.52 143.76 0.92
person_265.png
69.91 73.76 173.46 148.12 0.95
313.26 191.39 375.81 261.61 0.98
402.50 165.44 466.29 227.61 0.87
499.72 177.79 563.24 234.18 0.89
person_and_bike_089.png
231.32 51.33 332.29 127.60 0.96
person_and_bike_071.png
266.91 56.10 374.89 147.86 0.95
person_085.png
272.79 147.14 372.94 228.41 0.87
141.08 173.45 213.97 258.95 0.98
person_and_bike_053.png
257.83 26.50 377.51 118.56 0.95
crop_000007.png
577.82 119.81 717.26 228.91 0.96
crop001639.png
533.23 182.33 713.47 317.37 0.98
773.15 211.81 953.86 345.70 0.95
108.34 229.07 281.43 363.90 0.93
person_and_bike_051.png
306.38 81.30 383.35 151.45 0.94
person_075.png
273.44 181.99 327.49 224.83 0.98
person_099.png
200.47 126.00 332.90 225.04 0.93
crop001602.png
297.77 338.31 447.96 462.01 0.96
crop001722.png
256.14 281.23 389.71 401.98 0.72
135.52 350.69 259.05 461.70 0.95
person_186.png
255.53 172.41 321.07 221.62 0.98
346.44 167.11 409.34 215.58 0.99
crop001661.png
355.44 254.21 445.72 334.76 0.83
person_249.png
433.92 166.61 512.87 224.80 0.75
415.13 168.71 484.27 230.38 0.95
215.89 184.44 287.36 240.68 0.99
470.37 165.00 535.51 224.22 0.97
286.35 177.91 343.50 234.17 0.95
person_and_bike_006.png
201.45 64.53 306.83 157.05 0.95
person_247.png
320.75 147.82 386.49 203.29 0.98
257.28 151.00 308.16 205.80 0.96
person_015.png
207.32 194.11 277.19 245.56 0.98
person_and_bike_063.png
276.17 44.89 392.24 130.88 0.95
crop001522.png
577.02 201.14 727.82 335.29 0.97
person_and_bike_162.png
238.15 52.31 354.74 142.12 0.95
person_230.png
414.07 129.54 519.20 210.28 0.95
261.95 121.23 364.89 202.08 0.94
153.06 138.93 212.70 183.81 0.97
person_191.png
399.31 176.12 471.89 227.47 0.98
482.17 176.21 543.86 220.79 0.97
337.03 181.28 392.34 225.15 0.95
184.24 179.75 221.01 210.93 0.95
224.29 175.95 261.12 207.01 0.92
269.62 200.19 297.61 229.29 0.86
person_138.png
192.06 71.87 305.02 153.95 0.89
338.82 64.45 433.34 142.22 0.96
482.68 38.44 563.69 124.04 0.98
person_and_bike_059.png
265.24 57.48 371.67 141.03 0.97
person_and_bike_141.png
218.41 52.75 326.03 143.82 0.96
person_and_bike_190.png
299.13 131.09 370.13 197.13 0.98
216.84 145.97 290.93 199.01 0.97
person_056.png
318.42 71.49 407.20 154.41 0.99
crop001574.png
person_and_bike_004.png
149.86 29.88 315.90 180.24 0.88
person_036.png
209.89 81.86 357.86 203.91 0.94
person_and_bike_045.png
198.53 42.71 331.74 145.32 0.95
person_029.png
83.45 88.65 243.32 222.75 0.92
person_and_bike_149.png
209.46 181.09 294.09 245.69 0.97
person_and_bike_101.png
crop001724.png
223.31 154.23 277.56 196.97 0.96
person_052.png
294.82 107.97 364.44 183.91 0.99
person_and_bike_112.png
person_and_bike_048.png
209.06 53.15 325.57 140.65 0.93
person_210.png
252.73 157.51 333.98 224.08 0.96
328.96 148.05 416.61 209.50 0.97
crop_000021.png
310.37 55.93 440.01 165.40 0.95
person_105.png
231.45 126.53 346.75 208.54 0.97
110.98 118.46 220.45 200.68 0.95
person_032.png
163.10 59.62 308.27 197.71 0.90
crop001718.png
823.23 400.97 917.73 475.21 0.96
629.64 379.69 710.42 453.20 0.90
516.37 367.55 578.49 420.69 0.78
person_318.png
220.75 109.05 297.90 168.38 0.99
314.24 122.35 363.98 166.53 0.95
person_093.png
109.98 132.16 226.54 225.64 0.96
267.18 136.98 382.06 226.70 0.96
person_306.png
155.60 142.60 248.35 215.02 0.97
258.47 145.09 330.91 211.75 0.97
person_and_bike_060.png
252.06 36.91 353.37 122.17 0.96
person_and_bike_109.png
person_and_bike_046.png
235.78 50.52 334.89 127.78 0.97
person_and_bike_054.png
227.47 51.68 348.06 142.28 0.95
person_and_bike_095.png
194.95 58.80 288.40 143.21 0.97
crop_000026.png
709.55 98.71 841.78 204.59 0.86
522.59 178.85 604.27 262.82 0.91
353.73 157.27 434.66 237.50 0.92
150.07 281.10 227.50 347.78 0.88
person_and_bike_066.png
255.07 42.94 363.16 129.66 0.94
person_and_bike_082.png
311.29 35.52 424.77 123.87 0.93
crop_000017.png
520.87 66.12 707.05 233.62 0.75
crop001664.png
person_096.png
193.17 99.79 337.02 206.82 0.95
376.75 42.74 426.98 95.30 0.70
person_and_bike_104.png
person_and_bike_076.png
318.62 45.16 411.78 120.31 0.97
150.21 26.32 211.11 83.75 0.97
crop001521.png
486.88 167.47 553.56 225.30 0.74
371.79 180.34 431.14 231.50 0.87
263.68 187.00 316.48 234.10 0.78
553.72 179.33 602.97 224.88 0.71
person_055.png
273.37 144.45 378.93 228.28 0.96
crop001501.png
227.27 360.46 264.87 391.90 0.80
256.83 154.91 295.82 184.22 0.74
person_255.png
222.21 145.24 301.29 205.56 0.98
405.02 160.86 470.99 213.55 0.98
person_and_bike_096.png
210.96 45.23 308.29 124.04 0.96
person_and_bike_077.png
383.10 28.21 476.20 105.59 0.98
person_059.png
308.72 126.53 392.84 228.42 0.96
person_and_bike_028.png
258.76 142.27 340.89 214.54 0.99
478.49 117.75 512.83 148.39 0.89
person_and_bike_084.png
296.84 54.97 420.34 148.93 0.91
person_and_bike_102.png
260.21 43.42 347.54 130.99 0.96
person_and_bike_189.png
260.52 94.74 360.38 181.94 0.97
person_190.png
355.14 131.47 444.07 197.65 0.97
129.12 127.90 202.88 190.67 0.99
444.88 122.37 521.26 179.89 0.94
256.25 142.88 326.02 204.58 0.97
person_282.png
267.59 133.77 340.44 210.18 0.96
92.28 138.28 123.52 163.58 0.87
person_and_bike_111.png
293.88 24.33 401.33 105.08 0.91
person_115.png
49.26 83.17 177.42 201.73 0.76
260.91 134.70 361.53 232.41 0.96
159.08 106.60 253.83 205.33 0.81
person_and_bike_070.png
242.58 56.31 343.18 137.34 0.90
person_090.png
230.61 165.88 316.58 238.59 0.99
crop_000013.png
205.13 117.62 334.23 241.32 0.93
crop001641.png
278.20 213.53 427.32 331.69 0.84
610.72 229.35 709.45 351.53 0.88
person_and_bike_097.png
302.03 16.83 436.19 131.07 0.82
person_216.png
352.63 130.17 433.59 205.13 0.99
213.63 135.71 294.69 194.66 0.97
person_and_bike_091.png
crop001653.png
339.01 202.12 427.60 276.45 0.97
person_and_bike_081.png
287.44 44.34 418.27 145.91 0.93
person_122.png
210.45 227.61 273.99 279.21 0.99
crop001546.png
430.58 221.31 531.88 323.24 0.94
544.67 207.81 621.94 322.42 0.79
person_094.png
191.84 121.90 324.02 222.73 0.94
person_251.png
333.10 75.01 453.56 159.17 0.92
217.59 82.26 316.03 160.44 0.91
469.77 91.78 523.16 141.78 0.97
person_193.png
179.80 144.48 271.84 217.67 0.96
332.50 162.64 404.80 219.07 0.99
572.77 163.49 606.83 191.31 0.81
crop001688.png
598.23 176.54 758.25 358.14 0.96
person_107.png
244.73 112.69 379.85 235.37 0.89
73.50 185.91 198.94 288.10 0.83
person_206.png
299.86 175.65 393.37 247.59 0.99
person_and_bike_086.png
283.62 56.10 393.19 131.04 0.93
crop001512.png
851.93 281.19 989.06 398.03 0.98
529.60 283.71 665.50 389.54 0.97
325.47 260.83 437.64 341.75 0.95
person_028.png
152.78 69.80 300.10 211.43 0.89
person_014.png
177.92 117.27 309.55 220.00 0.86
40.38 112.82 70.50 139.36 0.73
person_and_bike_103.png
334.70 34.84 442.85 110.49 0.74
person_010.png
229.77 150.35 303.26 244.29 0.98
person_037.png
236.79 233.56 313.13 302.64 0.98
person_118.png
189.78 206.25 243.38 249.51 0.96
142.52 217.20 190.13 258.29 0.97
person_325.png
222.13 111.15 320.50 187.25 0.96
147.00 116.47 222.83 185.61 0.95
person_194.png
264.88 187.76 317.55 229.43 0.97
355.40 180.03 404.16 224.68 0.96
407.63 183.86 455.13 223.26 0.89
317.63 199.99 352.27 237.94 0.84
crop_000027.png
455.22 54.85 606.30 195.66 0.91
61.01 45.28 211.56 179.58 0.71
crop_000020.png
266.67 66.44 355.75 175.81 0.97
person_137.png
385.21 93.22 433.38 161.78 0.82
312.50 92.04 369.22 146.12 0.96
155.38 105.10 207.95 158.57 0.94
215.43 90.72 265.80 143.18 0.96
391.68 125.43 432.38 175.38 0.85
person_280.png
269.04 161.17 339.92 219.27 0.98
339.08 150.18 386.53 198.39 0.80
500.24 152.85 541.44 190.16 0.87
464.97 162.91 503.49 197.24 0.91
person_076.png
268.23 131.65 376.94 216.71 0.97
crop_000006.png
189.19 88.93 335.77 206.14 0.94
person_and_bike_108.png
person_250.png
222.68 92.26 324.12 174.20 0.94
369.91 88.03 457.66 154.95 0.98
122.04 102.67 208.19 170.51 0.98
crop001593.png
404.84 221.22 457.77 270.00 0.96
333.11 238.90 382.05 284.61 0.93
497.97 234.90 544.70 280.35 0.75
252.26 247.93 298.56 290.74 0.73
person_323.png
143.93 74.32 246.46 147.64 0.93
273.79 107.82 364.40 179.72 0.99
person_and_bike_188.png
345.18 187.54 396.62 227.73 0.98
295.81 186.16 324.09 212.94 0.75
person_and_bike_058.png
182.36 44.27 272.90 133.17 0.96
person_and_bike_083.png
238.54 37.53 354.54 132.74 0.94
crop_000009.png
304.28 76.13 491.17 218.16 0.93
person_315.png
343.23 202.14 391.29 248.60 0.97
484.85 193.88 521.43 227.53 0.91
531.08 182.16 564.69 218.66 0.75
person_011.png
172.20 149.19 290.55 236.89 0.95
crop_000012.png
199.80 153.37 334.08 265.39 0.96
person_and_bike_012.png
347.75 67.97 449.12 151.48 0.94
213.81 86.87 307.13 168.91 0.98
11.44 71.87 58.46 109.17 0.73
person_008.png
176.51 115.40 294.25 210.06 0.93
person_and_bike_056.png
316.78 41.01 430.44 126.38 0.92
person_236.png
314.14 142.36 392.77 204.64 0.96
537.29 152.90 600.59 203.18 0.94
443.58 163.77 495.07 206.63 0.96
210.88 155.69 259.97 199.99 0.95
150.07 185.12 193.17 223.28 0.86
102.07 210.56 140.67 244.48 0.78
crop001716.png
62.18 244.35 153.98 312.19 0.94
229.12 263.30 293.19 334.82 0.96
crop_000019.png
439.85 82.29 607.95 226.07 0.93
person_136.png
233.85 149.24 305.85 204.32 0.97
324.74 132.09 392.60 183.88 0.95
person_and_bike_038.png
484.17 114.62 583.22 186.94 0.91
309.15 129.37 367.84 177.91 0.91
85.04 130.05 136.35 167.23 0.96
person_and_bike_080.png
385.48 41.66 518.41 144.96 0.93
crop001719.png
363.38 381.16 462.85 460.76 0.93
458.24 375.21 549.98 454.66 0.94
758.64 421.64 846.20 494.10 0.95
877.42 449.12 952.57 521.74 0.73
949.73 453.27 1022.27 517.13 0.76
crop_000025.png
338.47 85.67 493.07 208.58 0.95
person_and_bike_090.png
140.89 57.18 219.78 135.07 0.98
crop001683.png
348.37 151.88 436.92 227.66 0.96
236.47 182.86 320.48 256.57 0.94
person_159.png
310.71 159.47 368.82 202.61 0.90
380.86 183.37 426.69 223.33 0.91
456.95 169.96 506.66 206.46 0.89
210.26 187.10 257.13 225.32 0.95
264.08 177.41 308.79 213.43 0.81
person_and_bike_164.png
230.80 41.54 358.89 145.16 0.81
person_335.png
273.81 159.94 348.63 215.44 0.98
223.53 156.28 260.08 190.27 0.81
181.83 148.46 216.36 177.92 0.85
crop001533.png
753.21 328.27 844.61 397.53 0.97
211.97 341.77 286.47 393.10 0.79
638.93 340.15 697.79 392.62 0.77
407.56 345.88 469.65 389.39 0.74
person_and_bike_014.png
334.27 70.97 435.51 146.48 0.95
548.66 98.01 577.60 122.70 0.77
person_217.png
243.41 214.31 318.00 271.25 0.96
431.86 186.21 505.06 239.08 0.97
365.82 191.92 428.77 241.10 0.93
47.82 192.48 108.16 241.89 0.91
161.80 201.55 215.03 244.90 0.88
crop001660.png
320.84 315.11 417.88 399.17 0.97
crop001590.png
755.61 140.13 928.25 314.87 0.88
crop_000004.png
147.94 56.86 230.09 125.83 0.75
person_012.png
223.21 198.02 285.06 270.05 0.98
person_161.png
277.33 97.68 374.87 177.64 0.97
person_and_bike_106.png
279.17 47.25 381.83 119.72 0.88