person_089.png
188.29 158.66 277.80 224.83 0.99
person_290.png
317.93 148.58 410.07 209.72 1.00
person_and_bike_029.png
198.90 151.53 295.32 234.83 1.00
568.67 123.67 611.85 160.29 0.96
person_and_bike_153.png
385.37 141.18 467.89 203.82 1.00
person_188.png
425.30 189.02 472.23 239.20 1.00
215.17 183.92 263.22 223.55 1.00
267.62 175.51 313.82 215.34 1.00
358.36 187.17 392.70 221.15 0.99
2.23 191.05 36.50 215.30 0.97
crop001545.png
398.30 221.14 557.05 354.77 1.00
crop001531.png
278.86 226.15 357.74 296.92 1.00
person_135.png
310.26 142.46 392.93 202.76 1.00
186.70 149.26 258.02 211.56 1.00
254.36 161.49 322.97 213.03 0.99
crop001658.png
376.30 187.04 433.48 236.25 0.98
239.08 194.84 293.08 239.69 0.99
310.02 190.68 361.84 236.26 0.98
person_and_bike_107.png
person_and_bike_064.png
246.28 38.20 356.76 135.06 1.00
person_and_bike_165.png
241.76 38.52 341.25 121.09 1.00
person_and_bike_044.png
294.68 68.33 390.19 145.46 1.00
person_095.png
163.50 96.64 312.32 213.69 0.98
356.69 123.73 392.42 167.57 0.99
person_293.png
262.80 110.11 349.76 178.32 1.00
175.31 109.51 219.17 146.34 0.99
117.58 119.93 157.47 157.11 1.00
person_and_bike_181.png
321.98 184.66 392.95 235.96 1.00
255.64 183.90 318.74 237.13 0.99
521.98 79.41 553.93 106.50 0.98
person_and_bike_079.png
288.76 52.89 398.75 147.40 1.00
person_134.png
235.06 116.51 330.98 199.23 1.00
333.33 110.06 432.21 185.26 0.99
420.39 89.21 455.92 119.57 0.91
486.95 95.61 516.50 122.17 0.98
crop001604.png
326.21 217.63 403.07 288.40 0.99
person_092.png
239.32 124.40 324.50 210.12 0.99
crop001638.png
440.59 314.67 592.50 434.76 1.00
621.40 278.48 736.57 385.76 1.00
807.17 283.67 904.15 382.47 1.00
person_and_bike_113.png
224.23 7.38 339.26 103.49 0.99
person_336.png
364.41 102.80 458.67 173.18 0.99
297.45 128.28 366.56 184.75 1.00
79.85 133.46 106.41 152.94 0.77
crop001544.png
228.42 229.89 382.51 357.55 0.98
391.51 270.55 539.27 403.52 0.82
person_212.png
crop001631.png
197.32 275.51 257.51 324.24 0.99
294.49 266.96 346.33 319.37 0.99
person_104.png
280.04 207.91 384.01 284.68 1.00
164.17 200.83 268.26 269.96 1.00
person_and_bike_072.png
387.58 51.42 491.72 138.69 1.00
crop001520.png
523.87 222.96 638.92 371.82 0.99
300.59 257.18 413.37 379.37 1.00
crop001682.png
557.82 165.53 647.80 239.73 1.00
778.91 175.96 868.82 249.06 1.00
294.05 192.76 379.96 265.77 0.99
207.74 178.49 283.78 251.46 1.00
701.23 166.92 761.12 222.51 0.99
person_and_bike_073.png
238.13 49.87 320.08 136.55 1.00
person_and_bike_085.png
301.84 66.13 404.32 155.36 1.00
person_009.png
188.26 79.05 303.16 211.26 0.99
crop001684.png
263.46 98.97 303.42 131.09 0.99
person_218.png
227.50 105.27 338.06 191.79 1.00
340.03 130.84 409.37 192.69 1.00
person_and_bike_100.png
262.01 15.57 382.14 105.94 0.80
crop001659.png
649.23 229.38 706.99 282.90 0.99
crop_000001.png
148.55 63.32 328.10 196.72 0.99
crop_000018.png
266.30 62.43 392.54 201.35 0.98
person_and_bike_088.png
331.99 47.55 414.15 142.73 1.00
person_and_bike_093.png
267.17 40.51 359.37 123.55 1.00
person_and_bike_140.png
255.47 143.66 337.87 203.80 1.00
person_and_bike_057.png
247.09 47.64 346.37 133.36 1.00
crop_000008.png
472.30 66.99 612.64 233.93 1.00
person_and_bike_061.png
293.70 50.16 395.50 134.59 1.00
person_and_bike_126.png
363.87 142.42 455.11 211.58 1.00
300.18 146.55 367.89 205.62 1.00
118.61 140.72 168.55 178.51 1.00
530.79 146.98 554.23 170.90 0.86
person_034.png
125.69 47.11 278.25 206.52 0.98
person_013.png
200.64 220.33 313.64 315.20 0.99
person_and_bike_055.png
241.56 62.70 337.99 143.92 1.00
crop001504.png
336.47 278.23 396.35 324.34 1.00
266.18 281.85 317.88 322.77 0.99
person_132.png
383.54 183.75 433.87 225.27 1.00
459.82 179.26 503.36 215.94 1.00
203.00 184.53 244.48 221.40 0.99
102.85 207.63 135.43 246.28 0.97
241.92 182.43 278.81 216.10 0.96
300.46 186.78 339.46 218.58 0.99
person_071.png
206.15 77.24 308.33 162.47 1.00
crop001633.png
804.70 381.13 885.64 453.47 0.99
352.74 313.81 432.96 384.34 1.00
908.86 302.16 981.15 369.52 0.99
person_and_bike_035.png
273.14 137.94 337.74 199.15 1.00
178.46 141.16 235.57 206.90 1.00
person_317.png
199.35 160.28 265.83 226.67 1.00
337.03 148.61 391.82 200.61 1.00
person_and_bike_062.png
278.10 40.08 370.95 126.98 1.00
crop_000015.png
267.91 119.76 431.70 267.84 0.98
person_062.png
414.75 156.18 475.86 222.97 1.00
person_065.png
265.38 121.26 347.46 200.41 1.00
person_127.png
338.03 76.68 443.67 159.94 1.00
249.04 113.92 327.93 180.66 1.00
crop_000005.png
53.71 58.36 123.36 117.52 1.00
177.80 72.70 246.72 128.81 1.00
person_051.png
286.28 105.00 395.14 192.66 0.99
person_and_bike_110.png
284.55 0.00 390.07 90.77 1.00
person_and_bike_161.png
264.52 55.39 366.95 141.95 1.00
person_and_bike_177.png
112.92 136.51 248.89 232.28 1.00
crop001670.png
178.20 236.58 291.73 334.56 0.96
784.00 237.50 890.92 331.10 1.00
592.63 251.56 687.22 351.68 1.00
420.26 251.48 519.79 345.34 0.99
301.59 233.86 393.63 335.01 0.77
person_and_bike_043.png
313.06 39.14 402.98 121.48 1.00
crop001723.png
538.12 170.58 596.68 227.48 0.94
person_272.png
52.80 68.69 176.74 173.32 1.00
306.95 51.05 429.59 145.94 0.97
453.57 45.64 565.89 147.72 0.99
177.27 60.34 287.38 159.33 0.93
person_263.png
188.32 127.84 283.04 207.54 1.00
74.61 128.75 166.72 197.41 1.00
288.50 137.38 370.73 206.07 0.98
363.31 156.25 407.64 205.05 0.85
10.71 187.21 55.19 229.54 0.78
crop001514.png
550.16 262.75 656.77 345.54 1.00
369.22 254.67 454.17 325.63 1.00
296.89 237.64 378.11 298.23 0.84
person_and_bike_160.png
284.19 36.43 416.10 136.21 1.00
person_and_bike_047.png
287.09 62.86 393.28 146.22 1.00
person_and_bike_098.png
195.74 10.44 310.14 88.64 0.96
person_204.png
335.01 102.71 432.01 179.37 1.00
242.30 158.47 321.39 219.34 0.99
94.08 72.62 171.35 132.95 1.00
506.03 95.60 565.05 140.65 0.98
449.60 103.32 481.83 129.69 0.98
person_and_bike_050.png
317.37 28.28 428.49 123.09 1.00
person_040.png
174.86 148.29 283.67 222.21 1.00
person_026.png
182.02 65.83 347.86 199.84 0.99
person_303.png
252.78 154.28 345.37 241.31 0.99
379.07 129.27 451.86 198.89 1.00
208.33 125.68 260.71 179.39 0.98
122.85 119.92 174.31 172.47 0.71
152.75 149.64 199.62 202.52 0.99
482.36 122.51 523.00 160.82 1.00
person_070.png
223.23 140.19 303.78 212.83 1.00
crop001706.png
744.16 109.74 921.22 288.69 1.00
person_and_bike_163.png
190.46 40.85 289.53 136.47 1.00
person_038.png
226.86 196.46 325.37 287.93 1.00
294.82 1.37 326.21 39.23 0.90
person_053.png
307.03 126.08 394.26 187.29 1.00
crop001549.png
523.12 254.28 638.54 335.43 1.00
person_200.png
301.91 198.97 345.82 241.35 0.99
363.82 212.82 410.46 251.25 1.00
254.38 196.75 297.31 237.85 0.98
187.31 201.80 233.06 234.81 0.96
74.08 216.97 115.14 253.73 0.98
481.96 214.90 522.70 249.79 1.00
422.87 193.54 458.39 230.17 0.97
227.48 199.43 256.49 233.28 0.95
113.06 199.21 141.37 232.63 0.95
53.80 104.24 84.53 130.74 0.86
564.96 201.64 596.26 227.62 0.99
603.99 200.28 635.37 225.46 0.84
person_and_bike_092.png
272.24 28.44 380.19 115.04 1.00
crop_000016.png
587.58 87.58 741.73 226.91 1.00
person_and_bike_027.png
305.20 137.57 368.19 189.92 0.99
241.77 119.80 303.05 171.93 0.99
person_and_bike_067.png
262.21 51.36 357.30 134.04 0.99
person_007.png
147.38 102.40 245.08 199.94 1.00
person_350.png
54.28 78.42 139.11 163.83 0.99
150.59 81.20 225.01 166.92 0.99
514.61 112.03 571.16 179.41 0.99
person_and_bike_133.png
259.04 117.61 344.60 187.62 1.00
356.90 150.68 411.31 207.65 1.00
person_063.png
320.53 173.23 398.41 227.94 1.00
person_189.png
266.22 119.21 363.20 191.95 1.00
371.06 127.48 427.61 200.73 0.99
crop001676.png
250.30 397.91 367.72 498.22 0.90
787.54 439.81 896.51 545.25 0.98
637.20 386.04 737.47 485.10 0.99
213.59 210.12 304.92 297.90 0.99
417.25 404.69 517.20 481.45 0.87
948.60 485.00 1035.38 563.80 0.99
person_and_bike_049.png
307.25 36.66 393.64 119.88 1.00
person_207.png
409.24 180.85 477.90 241.84 1.00
303.35 170.97 354.92 214.17 0.98
189.68 174.13 230.57 206.20 0.99
crop001725.png
201.78 205.34 255.69 254.77 1.00
person_and_bike_087.png
310.04 26.58 406.67 109.98 1.00
crop001704.png
107.74 316.68 247.79 433.47 0.99
482.13 297.33 611.41 408.13 0.96
crop001555.png
455.37 354.85 524.05 416.74 0.98
163.39 179.57 229.67 236.26 1.00
307.09 351.26 361.77 417.30 0.99
747.21 357.16 803.76 407.09 0.98
person_and_bike_065.png
224.56 38.87 309.55 114.68 1.00
person_198.png
201.28 85.06 302.58 174.67 1.00
332.13 111.52 419.21 192.14 1.00
person_033.png
159.58 120.58 307.27 242.16 0.99
crop001715.png
390.60 259.46 500.22 364.74 1.00
498.61 219.34 582.51 316.86 0.98
person_and_bike_159.png
258.74 54.08 378.95 134.73 1.00
person_120.png
251.89 166.88 332.18 236.85 1.00
169.34 187.53 251.04 246.64 1.00
person_058.png
319.16 125.29 385.96 183.74 1.00
person_and_bike_136.png
117.15 167.76 184.55 216.51 1.00
391.73 152.91 449.40 205.62 0.99
330.41 162.32 388.69 212.84 0.99
205.33 174.77 265.33 216.65 0.99
78.96 186.69 110.50 218.81 0.96
person_087.png
230.95 179.83 335.89 271.40 0.99
person_039.png
200.96 231.49 255.56 273.66 1.00
person_337.png
314.38 176.47 381.04 233.06 0.99
188.78 146.40 247.18 196.10 1.00
269.96 154.33 326.45 201.54 0.88
76.34 137.93 130.75 185.63 0.99
146.99 164.99 184.87 203.74 0.98
person_and_bike_099.png
243.11 0.00 346.00 83.37 0.73
person_248.png
266.63 122.71 368.85 199.88 1.00
383.91 165.43 472.33 236.76 1.00
crop_000604.png
84.50 58.22 156.47 114.94 1.00
309.98 47.27 367.25 96.27 1.00
person_and_bike_105.png
276.13 35.62 384.07 126.59 1.00
person_316.png
327.72 192.94 393.66 260.98 0.94
286.07 211.32 344.64 270.94 0.99
crop001654.png
305.65 213.27 446.54 327.94 1.00
person_098.png
300.03 92.15 431.94 205.11 0.99
132.40 142.59 239.25 233.54 0.91
60.71 128.03 161.26 210.01 0.99
person_100.png
159.84 218.58 236.17 282.57 1.00
329.44 228.73 393.06 286.76 1.00
person_314.png
509.00 112.73 590.98 189.81 1.00
176.64 133.69 246.99 187.62 1.00
person_347.png
256.53 114.47 350.88 189.24 1.00
445.25 167.61 492.97 217.91 1.00
crop001634.png
251.83 168.73 309.72 246.49 0.99
person_164.png
249.04 149.15 325.07 204.52 1.00
crop001511.png
328.77 258.70 442.92 379.68 1.00
crop001573.png
800.85 271.86 892.22 350.89 1.00
584.43 262.18 674.05 337.04 0.99
317.70 293.01 405.83 361.02 1.00
232.68 273.45 308.23 346.58 0.99
524.56 270.16 589.40 340.91 0.98
person_030.png
142.87 52.17 266.04 221.49 0.91
person_and_bike_094.png
260.93 47.15 363.70 129.92 1.00
person_073.png
321.91 200.30 365.26 253.07 1.00
crop001566.png
116.64 135.45 208.27 222.75 1.00
245.09 295.24 296.22 336.40 0.97
crop_000024.png
198.97 119.70 335.49 230.94 1.00
person_and_bike_042.png
320.55 49.58 409.45 132.77 1.00
crop_000003.png
320.99 47.62 433.07 137.55 1.00
person_088.png
171.20 122.17 285.13 220.30 0.99
352.78 134.32 398.63 185.98 0.99
408.47 147.75 448.48 191.04 0.94
crop_000023.png
487.21 91.50 631.38 193.82 1.00
crop_000002.png
123.10 75.45 220.83 169.37 0.99
crop001607.png
303.41 163.54 393.21 252.03 0.99
209.46 154.38 282.01 235.23 0.99
796.64 136.33 885.16 201.14 1.00
627.57 134.21 694.31 201.56 0.98
503.81 126.88 572.39 184.12 1.00
413.63 154.46 477.48 210.89 0.80
572.04 153.64 623.63 211.85 0.90
person_and_bike_052.png
274.21 37.21 388.20 134.26 1.00
person_and_bike_114.png
282.85 49.85 372.29 139.04 1.00
person_222.png
167.19 77.24 258.58 173.08 1.00
407.66 69.72 510.01 148.50 1.00
328.60 87.48 381.38 124.76 0.90
person_064.png
257.52 129.81 359.21 215.67 0.99
person_246.png
281.01 81.94 392.63 179.73 0.99
193.23 30.02 296.31 114.74 0.99
person_and_bike_069.png
289.72 45.35 406.74 145.66 1.00
person_265.png
71.84 75.32 172.77 146.87 1.00
311.98 191.47 371.23 262.87 0.99
401.16 165.09 466.94 227.20 0.99
499.91 178.92 562.08 233.47 0.99
person_and_bike_089.png
228.09 46.93 327.90 128.49 1.00
person_and_bike_071.png
269.82 54.99 369.50 152.91 1.00
person_085.png
272.89 147.74 378.89 226.82 0.99
141.03 175.92 214.83 257.53 1.00
person_and_bike_053.png
264.40 24.18 370.53 121.00 1.00
crop_000007.png
584.95 117.40 713.77 233.37 0.99
crop001639.png
766.62 206.38 956.92 354.56 1.00
541.37 174.18 709.32 314.60 1.00
110.75 228.32 277.26 361.64 1.00
person_and_bike_051.png
305.65 82.15 381.25 149.37 1.00
person_075.png
272.64 181.88 329.31 225.18 1.00
person_099.png
199.78 124.28 329.11 220.65 1.00
crop001602.png
295.46 339.26 452.10 468.56 0.99
crop001722.png
253.33 281.28 388.67 404.14 0.89
137.91 351.15 257.53 457.66 1.00
person_186.png
256.54 171.88 322.34 224.72 1.00
345.59 165.93 408.06 217.14 1.00
crop001661.png
348.15 245.44 442.38 345.51 1.00
444.10 242.44 525.58 327.49 0.96
person_249.png
417.40 168.53 485.12 228.47 0.99
218.94 184.83 289.31 241.61 1.00
471.81 164.67 535.07 224.28 0.99
286.12 180.46 341.63 233.16 0.97
person_and_bike_006.png
200.36 66.30 306.52 152.36 1.00
person_247.png
320.81 147.26 387.24 205.53 1.00
258.20 150.11 307.08 205.04 0.99
person_015.png
209.96 192.46 275.70 247.74 1.00
person_and_bike_063.png
276.43 40.68 388.99 135.64 1.00
crop001522.png
580.78 200.38 723.25 330.12 1.00
person_and_bike_162.png
237.10 50.31 350.40 145.00 1.00
person_230.png
260.98 124.40 364.29 200.61 1.00
418.58 127.16 512.62 209.22 1.00
153.04 136.93 210.75 184.00 1.00
118.04 154.30 138.43 175.97 0.93
person_191.png
398.15 171.09 472.50 229.00 0.99
482.79 173.21 543.63 222.95 0.99
339.19 183.71 390.32 226.14 0.99
184.10 179.00 218.35 210.79 1.00
225.92 174.24 258.98 207.03 1.00
268.91 200.02 298.71 228.48 1.00
person_138.png
187.29 73.45 300.31 155.85 1.00
337.63 63.55 433.27 145.89 1.00
483.00 39.05 564.86 124.54 1.00
person_and_bike_059.png
269.17 56.23 366.75 144.19 1.00
person_and_bike_141.png
217.73 51.65 326.35 140.29 1.00
person_and_bike_190.png
301.11 130.74 369.56 196.78 1.00
215.59 144.48 293.67 201.34 1.00
person_056.png
320.24 68.42 404.94 147.91 1.00
crop001574.png
person_and_bike_004.png
143.93 17.94 328.37 181.47 0.92
person_036.png
218.10 77.07 348.97 207.34 1.00
person_and_bike_045.png
201.58 39.43 324.37 149.38 1.00
person_029.png
90.28 82.93 234.58 224.02 0.99
person_and_bike_149.png
213.24 181.64 296.18 244.94 0.99
person_and_bike_101.png
293.59 51.69 387.15 111.47 0.86
crop001724.png
89.85 154.75 143.17 229.71 0.96
221.98 154.36 277.08 197.24 1.00
person_052.png
294.66 109.90 364.47 181.53 1.00
person_and_bike_112.png
258.39 9.57 379.16 87.20 0.88
person_and_bike_048.png
210.69 49.92 319.95 143.05 1.00
person_210.png
331.46 148.50 416.34 214.34 1.00
254.33 157.72 334.03 220.85 1.00
crop_000021.png
310.10 53.00 440.77 171.30 1.00
person_105.png
230.39 126.76 346.23 210.18 1.00
113.58 116.93 218.38 204.77 1.00
person_032.png
163.41 57.79 319.84 205.53 0.99
crop001718.png
825.93 402.30 918.28 478.85 1.00
626.83 380.83 714.14 449.51 0.98
516.16 365.37 576.85 418.73 0.97
923.36 389.65 977.48 439.37 0.99
person_318.png
217.38 109.94 299.13 171.04 1.00
315.14 122.22 363.15 168.12 1.00
person_093.png
267.90 133.73 381.08 227.83 1.00
118.22 133.44 223.96 227.24 1.00
person_306.png
155.80 138.89 248.29 216.92 1.00
257.62 144.66 333.34 215.83 0.99
424.63 169.80 447.24 196.58 0.93
person_and_bike_060.png
250.89 35.06 349.67 125.27 1.00
person_and_bike_109.png
176.47 32.70 301.87 117.30 0.98
person_and_bike_046.png
235.80 47.86 328.82 126.50 1.00
person_and_bike_054.png
230.39 51.04 341.42 142.09 1.00
person_and_bike_095.png
194.41 54.58 290.60 144.95 1.00
crop_000026.png
711.89 103.96 837.98 203.73 0.97
351.72 157.59 434.67 238.80 1.00
525.84 175.88 603.52 262.38 0.99
145.76 278.81 230.30 348.67 0.99
person_and_bike_066.png
256.65 39.02 357.62 130.82 1.00
person_and_bike_082.png
313.72 33.55 421.44 126.71 1.00
crop_000017.png
521.61 70.84 695.99 237.57 0.99
crop001664.png
674.88 327.93 713.00 353.39 0.71
person_096.png
187.24 94.79 336.05 209.15 1.00
376.43 38.91 425.98 97.74 0.94
340.88 70.00 382.01 113.09 0.97
444.87 72.84 479.00 122.88 0.73
person_and_bike_104.png
336.35 66.47 412.66 128.90 0.79
person_and_bike_076.png
319.17 42.47 412.09 122.84 1.00
148.81 23.04 209.82 90.13 1.00
crop001521.png
481.18 164.93 559.83 223.75 0.98
370.49 182.59 430.78 228.66 1.00
263.75 187.00 318.95 230.44 0.97
209.73 187.81 261.01 232.63 0.91
553.26 179.08 602.11 223.30 0.96
person_055.png
269.80 144.15 377.91 227.37 1.00
crop001501.png
256.50 153.49 296.16 183.73 0.96
person_255.png
221.21 147.13 299.66 204.53 0.99
405.81 158.29 471.13 219.32 1.00
person_and_bike_096.png
214.09 40.20 308.77 128.53 1.00
person_and_bike_077.png
381.62 27.00 475.39 108.31 1.00
person_059.png
302.61 124.05 395.95 229.55 1.00
person_and_bike_028.png
256.75 142.05 340.57 216.44 1.00
479.73 116.72 513.46 148.20 1.00
445.17 125.51 474.12 153.72 0.99
person_and_bike_084.png
297.02 54.78 417.03 151.59 1.00
person_and_bike_102.png
259.25 39.55 347.24 133.35 1.00
person_and_bike_189.png
251.84 93.53 362.61 191.57 1.00
person_190.png
362.61 125.70 440.85 197.17 1.00
126.22 127.77 204.82 189.42 1.00
442.63 120.38 523.42 180.02 0.98
258.04 142.60 325.35 204.38 0.99
person_282.png
272.66 131.90 337.37 213.04 1.00
93.82 139.23 123.35 164.25 0.98
person_and_bike_111.png
290.22 21.38 400.17 109.26 1.00
person_115.png
43.07 82.41 176.05 202.15 0.99
259.77 131.56 362.06 232.75 0.99
155.72 108.58 256.83 204.25 0.97
person_and_bike_070.png
245.07 57.47 339.90 138.35 0.99
person_090.png
225.43 167.20 322.30 240.08 1.00
crop_000013.png
210.45 123.11 328.06 250.89 0.99
crop001641.png
270.98 213.16 426.21 335.85 1.00
604.58 224.62 715.37 348.82 0.99
person_and_bike_097.png
301.45 19.10 430.92 123.59 0.99
person_216.png
353.10 129.13 435.47 200.91 1.00
212.02 134.36 293.64 194.13 1.00
person_and_bike_091.png
crop001653.png
339.28 204.07 425.32 277.30 0.99
person_and_bike_081.png
291.48 42.12 415.99 151.46 1.00
person_122.png
211.64 229.07 276.86 282.92 1.00
crop001546.png
433.23 222.15 532.20 316.06 1.00
547.94 209.91 617.47 311.82 0.93
person_094.png
194.32 117.10 329.05 229.17 1.00
person_251.png
340.14 79.01 452.46 158.12 0.99
210.84 82.36 321.83 160.13 0.99
469.99 93.16 523.67 141.99 0.98
person_193.png
184.71 145.66 273.31 215.49 1.00
329.56 163.68 410.71 218.08 1.00
570.60 163.94 607.63 192.48 1.00
434.36 191.89 467.69 220.35 0.97
crop001688.png
586.62 186.65 767.98 340.89 1.00
950.91 294.75 1039.58 375.67 0.87
person_107.png
248.52 104.25 376.84 241.14 1.00
77.23 184.91 197.13 283.23 0.99
person_206.png
310.62 176.26 391.96 254.37 1.00
person_and_bike_086.png
283.20 53.56 392.71 130.85 1.00
crop001512.png
854.30 280.60 991.66 399.31 1.00
522.71 287.17 667.10 389.82 1.00
323.03 261.24 439.45 345.70 1.00
person_028.png
159.08 75.07 291.97 207.29 0.98
person_014.png
165.91 116.02 317.59 219.42 1.00
39.80 112.92 71.68 140.54 0.93
person_and_bike_103.png
341.46 33.88 452.78 114.17 0.99
person_010.png
230.01 152.92 303.55 244.14 1.00
person_037.png
237.50 231.63 313.21 303.02 1.00
person_118.png
190.12 205.67 243.64 250.68 1.00
139.48 218.00 191.20 261.96 1.00
person_325.png
224.87 111.71 319.67 184.93 0.99
145.18 115.48 227.62 182.07 0.99
person_194.png
262.88 188.22 318.86 232.25 1.00
353.94 180.29 403.48 225.93 1.00
405.24 182.92 455.17 223.16 0.99
320.95 202.56 352.53 237.01 0.96
crop_000027.png
458.10 46.65 605.92 196.36 1.00
71.50 44.48 205.00 165.15 0.99
crop_000020.png
267.51 67.48 360.45 176.57 1.00
person_137.png
313.33 94.23 367.48 145.34 1.00
158.95 105.39 207.18 160.28 0.99
218.05 89.67 263.98 141.48 1.00
390.64 127.26 431.79 169.16 0.99
person_280.png
271.17 162.71 337.59 219.75 1.00
337.27 152.76 387.41 197.93 0.98
497.27 154.35 540.89 187.20 0.99
464.05 164.72 500.82 196.06 0.99
person_076.png
270.77 132.02 373.65 215.99 1.00
crop_000006.png
185.05 90.86 340.01 206.90 0.99
person_and_bike_108.png
person_250.png
220.70 93.98 333.24 176.67 0.99
120.33 102.46 208.94 172.75 1.00
384.39 90.25 458.95 158.88 0.99
crop001593.png
404.43 220.70 456.76 271.30 1.00
638.10 235.46 684.06 285.94 0.99
332.83 235.97 381.78 282.80 0.99
499.65 233.24 541.50 279.78 0.94
249.93 250.24 297.85 287.84 0.99
person_323.png
141.03 75.00 247.28 149.59 1.00
271.23 108.54 363.18 179.01 1.00
person_and_bike_188.png
343.82 186.18 397.16 229.87 1.00
296.05 187.09 323.67 213.66 0.98
person_and_bike_058.png
183.03 46.58 270.04 132.78 1.00
person_and_bike_083.png
240.07 34.29 350.13 133.47 1.00
crop_000009.png
303.35 65.58 488.23 226.24 1.00
person_315.png
342.11 200.19 387.18 250.22 1.00
485.89 193.78 523.05 227.96 0.99
530.20 182.13 562.25 218.23 0.97
person_011.png
175.21 154.35 285.27 237.45 1.00
crop_000012.png
198.16 150.91 327.69 269.73 1.00
person_and_bike_012.png
349.21 68.01 449.58 150.15 1.00
213.88 87.64 305.95 170.96 1.00
9.45 70.35 60.03 109.71 0.98
person_008.png
171.53 111.10 302.31 207.54 0.97
person_and_bike_056.png
315.93 37.18 427.07 129.99 1.00
person_236.png
311.80 142.74 394.67 204.10 1.00
539.43 153.03 598.12 200.09 0.99
212.89 156.42 259.27 198.82 1.00
447.94 162.64 493.81 205.34 0.99
98.68 209.90 143.70 247.70 0.99
151.14 185.34 191.04 223.62 0.99
crop001716.png
61.22 243.24 152.75 315.42 1.00
227.60 258.22 294.93 333.00 1.00
crop_000019.png
433.49 81.52 606.51 225.97 1.00
person_136.png
231.58 147.27 307.98 205.53 1.00
321.50 128.83 397.14 186.54 0.99
person_and_bike_038.png
480.50 118.74 587.60 185.00 0.99
312.53 130.10 366.02 177.08 0.99
84.18 128.46 136.56 168.51 1.00
person_and_bike_080.png
389.04 37.68 515.05 150.07 1.00
crop001719.png
362.20 382.10 462.47 460.75 1.00
460.24 372.85 547.38 454.09 1.00
753.98 421.93 840.31 494.69 0.99
951.09 450.49 1025.88 516.00 0.97
880.44 448.36 949.04 519.49 0.95
crop_000025.png
338.74 86.88 495.89 214.52 1.00
person_and_bike_090.png
141.01 55.65 218.45 137.64 1.00
crop001683.png
351.18 154.85 434.20 233.89 0.99
244.84 184.10 320.09 262.51 0.99
person_159.png
311.20 158.16 368.76 203.33 0.99
456.26 170.70 506.64 204.69 1.00
210.21 187.88 255.56 225.51 1.00
381.53 185.69 428.50 219.76 1.00
268.50 177.19 307.73 214.10 0.95
187.42 179.11 214.01 205.07 0.86
person_and_bike_164.png
234.59 39.54 366.00 141.76 0.99
person_335.png
271.14 160.76 350.45 215.70 1.00
225.30 156.66 257.54 187.83 0.99
182.18 149.43 217.34 178.01 0.99
crop001533.png
754.08 326.39 847.57 397.29 1.00
212.64 340.72 282.66 398.97 0.99
409.09 344.95 469.52 391.88 0.99
637.86 345.93 695.75 393.94 0.99
person_and_bike_014.png
337.75 70.56 431.79 140.70 0.99
549.06 97.83 578.33 123.64 0.94
person_217.png
240.67 212.29 317.39 271.09 0.99
433.56 187.83 499.81 239.75 1.00
364.06 190.53 425.24 241.74 0.99
48.47 193.18 107.35 243.46 1.00
160.42 198.34 215.05 246.48 0.98
crop001660.png
320.90 311.65 414.36 396.08 0.99
crop001590.png
759.08 141.66 927.46 310.78 1.00
crop_000004.png
145.56 63.57 232.25 122.53 0.95
person_012.png
221.12 194.20 283.30 266.22 1.00
person_161.png
283.26 97.28 368.59 173.84 1.00
379.43 117.23 409.70 145.65 0.96
person_and_bike_106.png
281.80 48.72 370.73 109.14 0.87