person_089.png
187.21 164.86 281.12 253.30 0.92
person_290.png
318.43 148.94 409.67 211.63 1.00
103.52 123.34 135.24 149.19 0.93
person_and_bike_029.png
199.15 154.19 293.78 233.94 1.00
567.52 122.29 610.88 159.88 0.98
person_and_bike_153.png
387.91 142.08 467.71 204.10 1.00
person_188.png
427.04 190.99 470.79 240.06 0.98
266.36 175.12 317.55 216.69 0.99
217.07 184.36 266.82 223.22 0.99
463.33 222.01 507.02 258.41 0.89
356.35 186.26 391.13 223.66 0.98
4.51 191.75 36.33 214.82 0.85
crop001545.png
426.14 222.85 555.71 346.70 0.99
crop001531.png
274.56 228.74 356.82 298.51 0.97
31.31 234.82 94.11 288.09 0.73
person_135.png
311.03 140.47 390.87 208.60 0.98
187.59 153.08 255.72 209.97 1.00
255.68 159.03 322.05 214.60 0.99
crop001658.png
376.08 188.05 432.52 234.78 0.98
238.87 193.96 292.67 237.29 0.98
308.87 191.63 359.49 236.60 0.96
person_and_bike_107.png
person_and_bike_064.png
243.54 37.94 357.67 132.83 1.00
person_and_bike_165.png
237.12 38.75 339.47 121.33 0.99
person_and_bike_044.png
293.12 67.68 391.48 144.70 1.00
person_095.png
159.05 95.38 302.45 222.51 0.98
361.05 125.16 390.06 161.11 0.92
person_293.png
263.80 108.15 346.55 176.67 0.99
174.73 110.77 218.19 147.13 0.99
118.33 120.72 157.92 155.45 0.98
person_and_bike_181.png
323.04 184.05 393.36 237.91 0.99
256.44 181.00 321.09 238.96 1.00
522.01 78.77 555.54 105.71 0.98
111.26 208.19 139.31 233.16 0.81
person_and_bike_079.png
284.91 52.27 399.85 148.81 1.00
person_134.png
233.87 114.92 333.05 200.33 1.00
328.42 112.70 430.51 189.81 0.99
420.68 89.68 455.20 119.75 0.97
90.91 103.24 119.81 129.94 0.81
486.00 96.13 514.55 123.04 0.96
crop001604.png
317.65 212.62 411.38 289.25 0.99
person_092.png
205.42 114.63 304.67 215.42 0.75
179.80 105.19 264.24 200.97 0.88
246.15 122.30 328.72 217.34 0.98
crop001638.png
438.37 314.32 602.78 439.67 0.99
613.38 276.47 733.32 394.66 0.99
804.61 279.46 907.07 388.93 0.99
person_and_bike_113.png
222.72 7.93 339.80 103.10 0.99
person_336.png
366.46 102.51 452.03 171.49 0.99
291.85 128.61 368.68 184.97 0.99
79.27 129.70 106.67 153.51 0.77
crop001544.png
390.42 260.68 532.77 421.80 0.70
229.99 226.54 383.78 368.15 0.99
398.10 261.87 486.95 319.75 0.74
person_212.png
112.89 424.48 187.13 466.02 0.99
crop001631.png
290.83 265.24 348.53 319.55 0.98
200.14 273.56 260.17 324.18 0.98
person_104.png
279.11 207.68 381.63 287.96 1.00
165.67 200.02 270.91 270.89 0.99
275.39 180.67 303.31 204.46 0.84
person_and_bike_072.png
387.97 51.90 493.13 143.44 1.00
crop001520.png
522.03 226.85 642.09 367.40 0.99
303.79 261.28 411.24 372.42 0.99
crop001682.png
559.68 166.34 651.45 237.38 0.98
780.89 174.75 868.92 245.21 0.99
290.73 196.61 376.35 263.64 0.98
211.54 180.34 281.86 252.14 0.99
704.19 169.94 761.47 216.74 0.98
person_and_bike_073.png
236.93 53.26 320.01 140.57 0.99
person_and_bike_085.png
298.74 66.77 402.27 158.54 1.00
person_009.png
175.72 79.63 314.90 202.86 0.98
crop001684.png
265.09 98.71 302.65 130.29 0.98
person_218.png
234.13 104.43 335.21 191.27 1.00
329.68 128.96 409.12 192.26 0.99
person_and_bike_100.png
262.59 11.61 381.24 104.91 0.99
crop001659.png
647.14 229.25 707.78 283.46 0.98
crop_000001.png
170.97 60.94 315.97 201.39 0.99
crop_000018.png
262.72 64.13 393.81 195.29 0.98
person_and_bike_088.png
335.32 48.79 410.25 137.03 0.99
person_and_bike_093.png
265.16 42.10 360.43 120.75 1.00
person_and_bike_140.png
251.71 144.48 337.15 199.38 1.00
person_and_bike_057.png
245.07 46.71 345.62 133.93 1.00
crop_000008.png
470.16 61.82 613.95 241.87 0.99
person_and_bike_061.png
293.64 52.77 394.81 133.26 0.99
person_and_bike_126.png
365.85 143.07 452.93 210.82 1.00
301.07 146.68 366.72 207.37 0.99
117.30 138.91 168.83 177.94 0.99
528.83 149.10 555.41 172.91 0.87
person_034.png
129.04 49.49 280.95 202.66 0.99
person_013.png
200.10 219.77 311.06 314.61 0.99
person_and_bike_055.png
235.42 62.91 337.94 144.64 0.99
crop001504.png
335.35 278.95 394.54 322.68 0.98
266.10 280.51 317.69 323.18 0.98
person_132.png
383.58 182.39 434.17 226.93 1.00
461.15 180.27 504.03 214.11 0.99
204.42 186.02 245.10 221.40 0.98
98.11 207.58 133.10 245.40 0.98
300.08 186.65 340.64 219.25 0.99
244.08 182.46 279.36 217.21 0.95
person_071.png
202.68 78.25 307.70 164.11 1.00
crop001633.png
807.30 376.84 885.13 449.89 0.95
908.04 299.77 979.47 372.34 0.98
359.75 320.21 424.88 379.05 0.92
person_and_bike_035.png
273.03 131.97 336.00 201.88 1.00
181.01 142.13 236.65 210.58 0.99
person_317.png
198.23 160.32 266.58 229.22 0.99
333.27 147.67 392.54 202.65 0.99
181.95 135.59 212.96 162.27 0.91
person_and_bike_062.png
273.74 40.54 373.51 128.21 1.00
crop_000015.png
268.21 124.89 437.36 256.47 0.98
person_062.png
419.01 159.60 475.54 220.58 0.99
person_065.png
267.44 123.36 341.90 198.78 0.99
person_127.png
338.70 75.34 441.60 158.59 1.00
248.80 117.38 330.82 187.14 0.99
94.63 86.23 121.73 109.36 0.91
crop_000005.png
52.60 57.75 129.31 117.90 0.98
180.90 72.84 248.27 125.89 0.99
person_051.png
288.54 106.52 390.60 192.65 0.99
person_and_bike_110.png
279.41 0.00 391.80 91.83 0.99
person_and_bike_161.png
264.63 54.12 364.67 139.50 0.99
person_and_bike_177.png
115.49 128.81 245.42 241.57 1.00
crop001670.png
782.18 235.26 890.10 333.41 0.98
290.00 223.51 395.61 323.71 0.95
597.02 256.09 686.08 347.70 0.99
421.42 254.24 514.38 342.00 0.99
184.90 235.41 278.97 321.03 0.96
person_and_bike_043.png
310.93 38.15 405.12 123.87 1.00
crop001723.png
368.48 181.46 441.12 238.11 0.78
person_272.png
303.97 48.00 427.95 155.08 0.99
49.99 64.96 170.46 172.84 1.00
178.48 61.43 286.37 161.29 1.00
455.25 45.55 557.81 145.51 1.00
person_263.png
190.19 128.52 281.79 206.60 1.00
71.44 127.13 160.70 199.52 0.99
288.06 133.02 367.12 208.44 0.99
359.29 156.67 408.12 204.24 0.88
13.07 187.78 55.21 227.00 0.97
crop001514.png
548.97 261.29 660.37 347.27 0.99
368.91 253.26 450.96 328.63 0.87
297.30 233.90 376.58 299.93 0.99
person_and_bike_160.png
284.63 39.49 418.53 136.93 1.00
315.44 316.69 347.08 347.82 0.75
person_and_bike_047.png
284.47 61.02 391.84 146.74 1.00
person_and_bike_098.png
198.85 8.04 327.26 91.25 0.91
person_204.png
340.19 101.66 432.52 178.77 0.99
562.10 129.39 639.00 194.77 0.89
94.96 70.54 173.82 132.62 1.00
240.51 157.65 317.51 218.58 0.98
506.57 96.31 565.12 141.50 1.00
287.34 80.91 323.99 143.24 0.83
449.62 103.05 480.67 131.36 0.94
person_and_bike_050.png
313.07 30.77 435.39 119.80 1.00
person_040.png
174.56 152.13 281.45 216.72 0.99
person_026.png
191.55 56.53 337.71 195.77 0.93
person_303.png
259.25 149.17 347.54 236.84 0.99
379.76 129.92 452.12 200.93 0.99
129.73 129.73 193.17 194.80 0.81
119.21 120.49 183.30 174.38 0.90
209.65 125.17 260.69 180.38 0.99
152.58 151.54 201.48 202.09 0.96
482.79 122.83 522.47 159.05 0.99
person_070.png
220.14 139.06 301.44 217.99 0.98
crop001706.png
740.71 105.93 918.50 298.78 0.99
1078.24 239.62 1157.21 310.92 0.98
person_and_bike_163.png
190.20 41.41 286.85 139.97 1.00
person_038.png
223.26 197.07 326.13 287.69 0.99
person_053.png
313.15 121.70 389.75 191.42 0.99
crop001549.png
524.80 248.17 630.34 336.97 0.99
person_200.png
254.57 196.37 297.02 239.66 0.97
362.33 212.64 409.47 249.59 0.98
304.22 200.19 344.41 237.65 0.98
75.90 218.95 118.58 254.01 0.98
190.19 201.59 233.82 235.73 0.96
483.46 214.93 524.81 250.09 0.99
225.72 199.21 259.03 236.27 0.90
111.06 198.59 142.23 233.35 0.96
425.63 195.73 455.15 230.99 0.93
53.48 106.25 85.67 129.77 0.95
603.22 199.52 632.15 225.52 0.77
522.45 199.94 554.19 223.04 0.95
563.97 203.37 595.29 226.56 0.93
person_and_bike_092.png
269.36 31.21 383.22 117.57 0.99
crop_000016.png
591.29 84.83 738.71 223.92 0.99
person_and_bike_027.png
304.60 140.43 367.92 193.18 0.99
241.57 120.36 304.52 172.45 1.00
person_and_bike_067.png
254.97 51.81 357.41 133.38 1.00
person_007.png
150.09 103.64 245.92 200.30 0.99
person_350.png
48.98 77.66 136.46 173.52 0.97
283.10 98.74 380.73 184.09 0.94
155.73 85.52 219.06 165.79 0.98
514.25 110.91 571.23 182.84 0.94
person_and_bike_133.png
262.76 114.63 343.91 189.14 1.00
360.79 148.08 413.80 215.08 0.99
person_063.png
320.03 173.03 397.64 228.94 1.00
person_189.png
267.65 120.43 360.85 194.44 1.00
368.18 128.35 426.82 199.79 0.99
crop001676.png
787.96 436.23 893.22 551.19 0.97
636.51 380.00 738.98 492.76 0.99
252.07 406.20 372.64 497.41 0.83
413.62 410.13 526.58 493.01 0.80
214.57 203.82 306.71 301.48 0.99
944.49 478.02 1034.05 565.21 0.97
person_and_bike_049.png
308.87 35.29 396.17 121.72 1.00
person_207.png
410.58 178.96 476.92 239.44 0.99
304.72 170.65 359.16 218.54 0.99
190.36 173.86 230.83 205.89 0.99
581.02 168.55 618.65 200.37 0.81
crop001725.png
203.92 208.45 253.72 256.42 0.98
person_and_bike_087.png
312.32 26.54 407.79 112.22 1.00
crop001704.png
117.21 320.77 240.78 434.50 0.89
507.34 291.49 621.00 406.56 0.88
crop001555.png
446.43 353.17 532.20 420.57 0.86
303.71 349.56 364.44 416.60 0.96
164.46 177.06 234.44 234.90 0.98
746.56 357.27 805.20 404.68 0.98
person_and_bike_065.png
222.58 40.38 309.38 107.13 1.00
person_198.png
206.04 86.80 306.11 178.61 1.00
333.71 107.76 417.04 194.90 0.99
person_033.png
177.31 116.58 306.78 245.25 0.99
crop001715.png
392.83 261.44 496.98 354.81 0.97
502.86 217.45 588.06 327.64 0.99
person_and_bike_159.png
254.71 53.34 371.84 136.72 1.00
person_120.png
252.09 165.07 329.09 238.66 0.99
166.47 189.60 255.01 248.16 0.99
person_058.png
319.01 126.32 384.31 183.86 0.98
person_and_bike_136.png
327.76 160.55 391.55 214.79 0.99
389.94 153.29 451.69 205.75 0.99
118.84 168.45 182.49 215.12 0.99
203.54 174.37 266.80 219.54 0.99
78.53 186.86 112.58 217.87 0.96
person_087.png
220.34 180.99 338.46 269.89 0.99
person_039.png
200.10 231.70 254.08 272.65 1.00
person_337.png
314.67 180.85 380.13 232.61 0.99
265.29 153.34 326.71 202.71 0.98
191.55 146.44 248.47 197.69 0.99
76.80 140.44 128.15 185.08 0.99
145.77 167.63 187.57 203.68 0.98
person_and_bike_099.png
person_248.png
266.87 120.83 370.06 200.46 1.00
385.37 166.01 470.64 235.06 1.00
crop_000604.png
81.46 55.78 157.00 118.96 1.00
167.76 67.67 217.86 146.10 0.95
307.19 44.90 368.41 99.44 0.98
person_and_bike_105.png
278.00 40.42 380.19 121.60 1.00
person_316.png
329.20 191.64 395.47 264.98 0.97
288.58 212.54 339.80 267.79 0.98
crop001654.png
307.23 214.53 445.04 327.20 0.99
person_098.png
293.91 92.93 440.10 204.97 1.00
77.35 135.43 203.30 227.78 0.74
133.31 144.98 253.48 235.40 0.98
64.74 127.73 153.43 208.92 0.99
person_100.png
161.13 217.88 239.02 286.78 0.99
327.52 228.77 392.30 288.91 0.99
person_314.png
504.99 112.04 592.67 185.89 1.00
179.06 131.41 243.40 191.31 1.00
person_347.png
263.23 114.51 346.07 185.95 0.99
450.81 167.89 486.22 209.57 0.98
359.81 144.40 387.34 167.26 0.77
crop001634.png
251.37 165.54 310.36 253.05 0.98
person_164.png
249.77 149.83 325.37 207.55 1.00
crop001511.png
328.79 261.97 443.37 378.87 0.99
crop001573.png
585.90 265.14 675.47 336.47 0.98
801.28 272.78 886.45 346.75 0.99
319.32 291.24 408.33 361.65 0.98
231.61 275.08 306.41 350.65 0.99
523.32 269.62 584.56 341.92 0.98
person_030.png
138.74 50.48 276.31 218.55 0.98
person_and_bike_094.png
252.62 48.43 361.91 129.45 0.99
person_073.png
321.72 203.19 365.99 248.97 0.98
crop001566.png
121.73 133.70 208.73 222.81 0.99
248.83 292.09 302.83 337.72 0.86
crop_000024.png
200.74 112.17 338.99 236.29 1.00
person_and_bike_042.png
317.31 51.54 409.68 132.60 0.99
crop_000003.png
332.87 44.76 431.15 135.70 0.99
person_088.png
169.44 124.10 284.95 220.20 0.99
345.40 137.98 396.92 189.70 0.89
323.19 136.69 372.09 185.16 0.82
409.66 149.55 452.58 193.14 0.97
284.64 131.98 321.65 178.08 0.94
crop_000023.png
486.34 87.43 625.85 198.66 1.00
crop_000002.png
123.55 77.57 219.22 172.41 0.98
crop001607.png
306.26 165.17 392.53 250.33 0.99
206.53 155.61 279.35 234.95 0.99
801.39 137.77 882.14 199.76 0.98
627.90 138.98 691.32 197.25 0.96
413.79 158.07 473.23 211.67 0.88
508.96 128.67 568.10 181.80 0.98
694.72 145.60 739.81 206.96 0.93
1002.75 239.76 1058.56 287.96 0.71
person_and_bike_052.png
267.27 37.11 391.34 133.19 1.00
person_and_bike_114.png
287.12 49.76 371.49 140.99 0.99
person_222.png
164.21 82.85 258.25 172.66 0.99
403.77 69.88 508.88 150.14 1.00
329.82 88.73 378.34 127.69 0.85
person_064.png
250.32 132.48 367.03 217.59 1.00
person_246.png
286.38 83.76 391.82 174.81 0.99
195.66 28.29 292.72 117.89 1.00
313.09 84.06 378.02 140.69 0.79
person_and_bike_069.png
283.59 39.65 411.19 146.38 1.00
person_265.png
75.04 74.52 175.42 145.18 1.00
400.71 167.78 469.43 233.15 1.00
313.82 194.89 371.95 260.79 0.99
499.49 177.90 561.99 234.50 1.00
person_and_bike_089.png
232.99 49.77 329.14 124.81 0.99
person_and_bike_071.png
267.01 53.49 363.24 149.99 0.99
person_085.png
271.16 150.16 373.70 228.67 0.99
141.69 175.76 219.19 262.96 0.99
136.88 147.05 168.07 173.07 0.88
person_and_bike_053.png
257.98 21.44 371.92 122.23 1.00
crop_000007.png
578.20 115.13 721.64 233.70 1.00
crop001639.png
787.20 209.37 957.22 346.83 0.98
113.63 229.88 275.71 365.33 0.99
547.52 172.98 707.87 307.89 0.99
person_and_bike_051.png
306.83 81.38 382.97 151.62 0.99
person_075.png
272.43 181.33 330.01 226.34 0.99
person_099.png
201.24 124.58 332.34 226.80 0.99
crop001602.png
297.78 337.29 445.08 465.71 0.99
crop001722.png
253.33 277.81 394.49 402.09 0.98
129.22 351.16 255.35 458.39 0.97
person_186.png
256.38 170.49 322.77 227.32 1.00
347.99 166.06 409.78 215.73 0.99
crop001661.png
435.92 240.72 520.30 327.12 0.96
355.00 250.95 440.21 331.64 0.88
person_249.png
437.40 167.69 509.55 228.98 0.85
218.35 184.32 287.95 239.54 1.00
418.13 169.30 482.93 226.64 0.99
472.70 166.35 531.80 221.09 0.99
286.07 178.64 340.53 234.95 0.98
person_and_bike_006.png
195.38 60.93 306.93 154.25 1.00
88.56 57.97 123.64 83.38 0.79
person_247.png
319.86 147.77 384.01 205.79 0.99
256.61 150.61 306.35 205.30 0.99
person_015.png
209.28 192.08 275.73 247.58 1.00
person_and_bike_063.png
266.06 41.13 390.89 132.91 1.00
crop001522.png
571.66 208.08 734.33 339.88 0.99
person_and_bike_162.png
238.72 54.09 351.39 143.60 0.99
person_230.png
419.72 129.11 511.60 208.04 0.99
262.48 128.74 362.91 200.80 0.99
152.18 138.75 210.95 184.43 0.99
112.34 153.41 142.60 178.06 0.96
person_191.png
399.69 173.52 472.47 227.73 0.99
483.51 175.06 541.97 223.02 0.99
338.31 181.80 391.29 226.90 0.99
183.97 179.33 220.53 210.73 0.98
223.31 176.32 261.13 206.53 0.97
267.22 201.18 298.81 229.32 0.97
person_138.png
190.43 70.23 302.29 154.40 0.99
334.98 64.11 433.59 149.60 1.00
486.63 41.06 560.76 126.06 1.00
person_and_bike_059.png
264.48 54.38 369.44 142.31 1.00
person_and_bike_141.png
216.95 50.12 325.88 140.53 1.00
290.96 9.26 401.87 96.17 0.93
person_and_bike_190.png
300.45 129.60 370.64 199.57 0.99
219.56 147.11 287.33 200.21 1.00
person_056.png
321.09 75.16 410.47 148.05 0.99
crop001574.png
209.04 216.34 297.28 276.16 0.97
person_and_bike_004.png
140.15 18.00 321.16 187.64 0.97
person_036.png
206.10 81.23 355.50 201.51 1.00
person_and_bike_045.png
194.65 38.07 326.15 145.62 1.00
person_029.png
85.52 83.74 234.47 222.03 1.00
person_and_bike_149.png
213.94 181.86 296.21 243.61 0.99
168.62 137.80 237.62 196.88 0.95
368.32 176.34 401.05 210.53 0.95
person_and_bike_101.png
crop001724.png
88.62 154.28 140.20 225.77 0.99
221.09 154.19 279.11 196.65 0.99
person_052.png
292.55 113.70 366.09 182.93 0.99
person_and_bike_112.png
person_and_bike_048.png
200.39 50.86 325.01 141.61 0.99
person_210.png
331.56 148.46 415.48 213.85 1.00
250.58 155.82 332.74 220.16 1.00
479.55 142.15 516.44 167.21 0.92
crop_000021.png
305.24 52.89 445.33 168.22 1.00
person_105.png
231.77 122.83 346.74 210.00 0.99
114.59 117.34 219.44 204.66 1.00
person_032.png
164.86 55.50 315.18 203.29 0.99
crop001718.png
625.13 378.16 716.76 448.36 0.99
826.41 404.72 915.72 475.18 0.98
517.51 362.94 576.89 418.26 0.98
923.19 390.70 978.83 441.96 0.93
person_318.png
217.78 107.73 299.86 174.79 1.00
314.81 122.45 363.37 169.15 0.99
person_093.png
266.97 135.96 385.81 230.30 1.00
114.19 131.85 220.15 226.35 0.99
person_306.png
156.92 137.94 250.04 220.30 1.00
261.63 145.58 336.39 215.08 0.99
424.03 170.16 449.38 195.75 0.90
person_and_bike_060.png
245.64 32.50 348.88 129.43 1.00
person_and_bike_109.png
192.05 37.14 301.22 107.35 0.87
person_and_bike_046.png
233.65 48.07 329.58 127.78 1.00
person_and_bike_054.png
227.75 49.09 340.59 140.24 1.00
person_and_bike_095.png
197.93 57.10 289.82 143.98 0.99
crop_000026.png
713.04 97.40 843.44 209.29 0.99
522.18 176.09 607.61 265.05 0.99
350.81 155.97 437.31 235.06 0.99
143.69 280.55 223.05 348.36 0.98
person_and_bike_066.png
253.38 41.15 360.40 129.48 1.00
person_and_bike_082.png
306.99 33.47 424.81 129.26 1.00
crop_000017.png
525.69 72.57 698.99 232.73 0.99
crop001664.png
person_096.png
192.01 97.63 340.25 203.79 1.00
378.86 40.45 426.84 95.21 0.98
340.11 69.18 378.16 108.11 0.86
person_and_bike_104.png
person_and_bike_076.png
316.23 40.25 410.84 123.16 1.00
148.10 25.90 209.76 84.80 0.99
crop001521.png
479.41 169.68 561.79 225.36 0.87
372.48 184.19 429.82 230.77 0.98
262.69 185.25 317.40 231.65 0.98
414.46 159.47 469.65 202.52 0.88
556.84 176.69 602.59 224.23 0.94
person_055.png
270.78 144.74 377.11 224.27 1.00
crop001501.png
254.60 150.62 299.36 188.49 0.98
225.13 358.13 266.81 393.81 0.94
567.94 316.82 604.14 352.06 0.86
person_255.png
220.84 146.13 299.10 205.05 1.00
407.02 160.35 467.17 213.91 0.99
person_and_bike_096.png
213.76 42.75 308.51 125.64 1.00
person_and_bike_077.png
379.71 24.93 477.23 108.65 1.00
person_059.png
302.01 125.88 399.39 224.21 0.99
person_and_bike_028.png
255.76 141.77 344.71 220.37 1.00
477.38 117.93 513.35 146.96 0.98
444.22 125.86 475.96 153.56 0.96
person_and_bike_084.png
303.23 54.65 416.53 150.09 1.00
person_and_bike_102.png
258.54 41.91 345.51 133.06 1.00
person_and_bike_189.png
247.13 96.53 363.91 186.85 0.99
person_190.png
358.37 128.38 445.77 199.96 0.98
127.61 125.54 204.57 191.59 1.00
441.46 119.95 522.64 181.59 0.98
257.95 142.58 322.72 202.70 0.99
person_282.png
267.53 135.81 333.89 212.56 0.99
91.37 137.69 123.74 163.96 0.97
person_and_bike_111.png
290.47 22.15 396.76 102.98 0.97
person_115.png
46.58 84.24 177.21 202.14 0.99
156.31 103.11 252.28 210.08 0.98
263.17 130.99 349.49 230.82 0.98
person_and_bike_070.png
239.92 54.23 342.53 141.35 1.00
person_090.png
225.83 168.36 321.34 239.84 0.99
317.63 190.71 349.51 227.15 0.91
crop_000013.png
208.16 120.39 332.81 246.87 0.98
crop001641.png
546.75 197.01 683.24 339.55 0.84
278.04 216.11 427.01 331.46 1.00
603.63 231.25 718.61 353.95 0.99
528.97 182.82 636.88 296.84 0.95
person_and_bike_097.png
304.00 19.64 431.95 123.74 0.99
person_216.png
356.85 129.69 434.38 201.77 0.99
214.54 135.52 295.89 196.44 1.00
person_and_bike_091.png
crop001653.png
336.99 203.68 425.30 278.74 0.99
person_and_bike_081.png
287.14 38.15 416.92 152.03 1.00
person_122.png
212.52 226.16 275.28 281.85 0.99
crop001546.png
433.56 216.84 545.69 325.38 0.99
540.63 203.72 623.19 319.81 0.98
person_094.png
189.52 119.87 325.17 226.60 0.99
person_251.png
335.01 71.35 454.09 162.04 0.99
219.22 83.67 321.00 162.82 1.00
468.80 93.59 525.05 145.01 0.99
person_193.png
184.27 148.23 275.53 217.03 1.00
331.36 162.28 407.49 221.95 0.99
431.98 189.64 471.52 219.76 0.96
574.22 165.14 608.39 191.50 0.70
crop001688.png
596.78 181.38 783.80 357.02 0.93
953.99 298.56 1036.35 371.53 0.82
person_107.png
247.97 111.93 378.78 234.53 1.00
75.04 188.67 194.93 287.07 1.00
person_206.png
299.41 177.10 399.33 249.15 0.99
person_and_bike_086.png
289.93 56.30 391.87 128.93 0.99
crop001512.png
856.67 280.00 985.73 401.39 1.00
527.91 282.22 663.24 389.41 0.99
327.96 264.22 436.56 341.52 0.99
person_028.png
142.75 66.36 307.22 216.93 0.99
person_014.png
179.82 117.07 307.87 233.34 0.99
39.04 111.61 71.72 141.86 0.97
person_and_bike_103.png
person_010.png
229.72 149.86 302.21 249.50 0.99
45.41 238.51 79.77 267.80 0.90
person_037.png
238.58 232.55 311.55 304.02 1.00
person_118.png
187.72 207.62 246.55 251.76 0.99
140.19 218.12 190.00 257.78 0.99
person_325.png
224.08 113.27 318.59 189.45 1.00
146.26 116.58 228.29 183.30 1.00
person_194.png
262.89 188.77 318.56 231.61 0.99
353.70 179.90 403.81 226.93 0.99
405.87 183.14 453.22 221.22 0.98
crop_000027.png
454.81 45.93 614.24 227.18 0.99
69.05 43.43 204.78 177.57 0.99
crop_000020.png
267.91 65.92 357.48 182.58 0.99
person_137.png
113.99 68.14 172.19 120.34 0.98
313.04 92.87 367.09 147.13 0.99
154.61 105.83 205.62 158.61 0.99
217.99 90.93 265.71 143.85 0.99
373.25 89.32 425.99 135.21 0.88
390.21 127.27 434.97 171.60 0.96
person_280.png
266.46 162.72 340.29 224.34 1.00
339.05 150.34 386.04 195.82 0.99
498.46 154.79 537.93 188.98 0.96
465.74 166.22 498.62 195.43 0.93
person_076.png
267.04 131.16 373.40 218.58 1.00
crop_000006.png
179.75 95.38 332.81 199.22 0.99
person_and_bike_108.png
person_250.png
221.70 92.62 328.61 174.21 0.99
120.87 103.08 206.12 173.98 1.00
375.01 92.48 460.18 158.72 0.98
crop001593.png
404.05 223.15 458.06 269.75 0.99
636.77 235.36 686.63 284.28 0.97
251.32 248.63 301.58 290.10 0.96
328.81 241.16 376.84 282.68 0.95
501.85 230.71 543.08 277.88 0.95
person_323.png
145.03 74.67 243.59 153.89 1.00
272.35 108.92 364.17 177.94 1.00
person_and_bike_188.png
347.28 187.11 397.91 227.71 0.99
294.10 187.00 324.94 213.35 0.96
person_and_bike_058.png
179.50 46.37 270.45 135.12 1.00
person_and_bike_083.png
240.30 35.25 348.17 132.87 1.00
crop_000009.png
299.68 67.26 500.84 225.89 0.99
person_315.png
344.66 203.29 386.65 246.66 0.89
529.36 182.50 566.26 221.61 0.95
485.48 193.62 524.35 227.97 0.98
person_011.png
172.40 150.30 290.05 241.69 1.00
crop_000012.png
198.99 147.92 328.77 268.96 0.98
person_and_bike_012.png
344.85 71.78 449.69 154.67 1.00
214.34 89.34 306.79 169.67 1.00
11.21 71.48 59.52 110.76 0.99
person_008.png
172.12 116.86 280.36 211.24 0.98
192.23 115.80 273.48 174.53 0.79
87.83 253.22 124.31 293.62 0.89
person_and_bike_056.png
310.34 36.65 424.05 128.39 1.00
person_236.png
316.25 141.10 389.62 201.69 1.00
184.76 77.07 249.09 137.80 0.78
539.66 154.26 600.16 200.35 0.99
101.45 144.74 153.65 189.09 0.99
445.04 163.78 493.58 205.90 0.97
213.57 157.81 261.07 196.26 0.97
148.92 186.36 191.90 221.19 0.97
crop001716.png
63.36 245.39 154.68 313.49 0.99
228.55 260.43 294.14 327.66 0.99
crop_000019.png
437.89 79.59 598.91 226.18 1.00
person_136.png
231.77 147.65 306.56 207.70 0.99
323.18 129.61 393.03 187.23 1.00
person_and_bike_038.png
488.85 116.66 582.17 187.60 0.99
310.71 128.76 368.31 176.53 0.99
273.79 125.29 317.22 166.32 0.88
86.40 130.75 135.51 166.99 0.98
person_and_bike_080.png
388.19 36.04 512.42 148.13 1.00
crop001719.png
367.42 381.86 464.76 462.28 0.99
458.36 372.99 545.40 455.82 0.95
876.20 449.47 956.39 526.48 0.99
763.86 419.43 841.10 489.95 0.98
947.31 451.73 1024.91 516.67 0.95
crop_000025.png
341.20 81.98 497.86 216.22 0.99
person_and_bike_090.png
143.76 57.57 218.09 137.25 0.99
331.20 208.10 361.63 233.95 0.96
crop001683.png
347.16 153.53 435.17 231.88 0.98
239.22 181.17 324.20 258.43 0.97
person_159.png
313.24 159.32 366.33 200.96 0.99
454.60 171.19 513.06 206.62 0.99
381.61 184.49 427.76 220.24 0.99
267.07 177.79 310.49 215.58 0.98
213.43 187.76 256.35 223.89 0.99
person_and_bike_164.png
233.44 39.36 361.57 143.65 0.99
person_335.png
269.90 161.17 351.37 214.99 0.99
185.13 148.98 219.16 179.55 0.97
229.84 159.41 261.13 189.30 0.91
crop001533.png
755.60 328.95 844.88 398.99 0.99
211.30 344.79 283.77 398.00 0.99
person_and_bike_014.png
335.16 71.04 432.52 142.50 1.00
235.51 181.52 275.85 225.60 0.97
545.68 97.90 582.71 121.60 0.94
person_217.png
243.60 213.71 319.60 274.37 0.99
434.03 185.77 503.09 240.96 0.99
46.74 195.03 111.23 244.74 0.98
367.09 192.38 426.48 244.02 0.99
235.97 177.61 295.10 227.31 0.95
163.08 201.44 214.11 243.62 0.99
crop001660.png
326.40 312.73 420.06 401.58 0.98
crop001590.png
748.19 140.02 937.88 313.73 0.99
crop_000004.png
146.78 59.97 229.84 127.61 0.99
person_012.png
223.20 195.35 286.62 266.49 0.99
person_161.png
278.69 99.33 370.37 175.68 1.00
377.83 118.72 409.88 147.54 0.96
430.85 128.47 462.60 157.56 0.88
person_and_bike_106.png
285.93 58.24 375.30 107.83 0.89