crop_000001.png
163 47 318 214 0.9954799
crop_000002.png
115 73 224 179 0.86810946
crop_000003.png
330 42 429 136 0.9798509
crop_000004.png
146 52 236 127 0.96406245
crop_000005.png
57 53 127 125 0.96609855
185 67 246 133 0.98896563
crop_000006.png
185 85 346 205 0.98321086
crop_000007.png
573 115 717 233 0.7206527
crop_000008.png
469 50 602 229 0.8990376
crop_000009.png
284 56 492 233 0.9800007
crop_000012.png
170 131 334 263 0.8942616
crop_000013.png
208 97 349 267 0.70245975
crop_000015.png
230 109 439 258 0.99654293
crop_000016.png
584 82 746 231 0.9432887
crop_000017.png
515 53 699 224 0.90899867
crop_000018.png
257 68 393 203 0.71730053
crop_000019.png
422 56 623 215 0.865872
crop_000020.png
262 57 364 191 0.9526152
crop_000021.png
306 50 440 172 0.9890507
crop_000023.png
487 80 626 210 0.99352735
crop_000024.png
198 111 335 235 0.98992455
crop_000025.png
342 80 483 228 0.8822324
crop_000026.png
523 179 610 254 0.6161699
145 281 241 329 0.8505013
714 97 827 207 0.85552865
357 161 439 225 0.91021454
crop_000027.png
59 29 212 198 0.94389135
467 41 603 218 0.96288866
crop_000604.png
79 54 156 120 0.5865701
168 62 219 135 0.8756281
306 41 363 105 0.9123544
crop001501.png
831 164 873 219 0.660392
571 315 598 346 0.7271312
251 135 298 192 0.82041943
crop001504.png
258 283 326 321 0.8345137
336 281 399 320 0.8787574
crop001511.png
320 255 434 380 0.9705766
crop001512.png
517 285 678 384 0.45280844
873 272 973 400 0.64208764
317 259 447 341 0.93935436
crop001514.png
377 245 459 329 0.3135052
548 261 646 352 0.6892055
304 236 374 291 0.8145053
crop001520.png
305 259 411 375 0.8557235
529 222 615 375 0.941363
crop001521.png
486 165 560 217 0.49680704
549 172 612 220 0.60196644
206 181 262 230 0.685049
362 183 442 225 0.91546315
261 187 318 227 0.949886
crop001522.png
585 198 714 348 0.97024405
crop001531.png
277 222 350 298 0.7322373
crop001533.png
969 337 1002 376 0.31834546
639 338 697 393 0.58458096
745 325 855 389 0.7958967
408 337 473 391 0.91071767
211 341 286 391 0.94152576
crop001544.png
245 219 361 351 0.8519528
crop001545.png
404 211 552 360 0.9607956
crop001546.png
535 211 626 311 0.7254745
431 225 540 308 0.83561665
crop001549.png
533 248 622 335 0.8198437
crop001555.png
444 357 547 411 0.
302 352 366 406 0.63268054
738 355 805 399 0.7598138
159 175 237 231 0.9224298
crop001566.png
245 292 301 329 0.55061924
119 139 206 224 0.853989
crop001573.png
584 248 674 338 0.6113633
527 272 581 332 0.7548347
317 295 407 353 0.85256636
236 268 308 342 0.9315713
794 269 898 341 0.94
crop001574.png
206 212 292 276 0.94530255
crop001590.png
759 129 927 314 0.9623981
crop001593.png
638 239 682 278 0.51711035
246 252 305 280 0.
407 224 460 267 0.86408603
323 236 385 278 0.8859062
503 231 542 274 0.9411058
crop001602.png
297 332 438 466 0.912163
crop001604.png
326 215 403 285 0.97297686
crop001607.png
736 150 804 207 0.40044913
568 151 626 216 0.5818138
197 154 289 227 0.77970386
694 149 740 207 0.8142846
421 145 474 213 0.8205752
508 118 575 196 0.8391043
627 133 695 197 0.85256785
301 164 406 240 0.8750177
808 140 880 195 0.95578533
crop001631.png
292 264 351 312 0.86150396
200 276 263 317 0.9647686
crop001633.png
906 303 984 368 0.87338877
343 319 434 365 0.89271396
806 377 889 445 0.9124361
crop001634.png
250 175 309 231 0.8911638
crop001638.png
806 280 902 373 0.6359244
627 272 729 369 0.6965961
440 304 577 441 0.95405734
crop001639.png
109 217 267 375 0.9456207
766 202 946 360 0.98367965
551 167 703 314 0.9855084
crop001641.png
289 207 419 324 0.42672062
619 224 705 356 0.53108907
crop001653.png
340 195 422 275 0.8644176
crop001654.png
304 209 446 339 0.98833394
crop001658.png
308 190 359 235 0.81460124
370 185 439 233 0.8610503
237 193 296 235 0.88023084
crop001659.png
645 236 712 280 0.9450441
crop001660.png
324 317 426 395 0.8822682
crop001661.png
362 247 444 311 0.6768845
439 237 524 324 0.9017752
crop001664.png
239 309 266 351 0.3054967
654 323 678 359 0.30947334
752 307 847 332 0.3211672
640 325 663 357 0.53042835
278 312 307 354 0.533627
680 325 705 354 0.6832689
crop001670.png
187 245 289 305 0.34889036
606 250 674 362 0.40558043
crop001676.png
246 406 368 481 0.39957047
634 377 735 480 0.76135397
212 205 313 292 0.77030957
940 482 1048 552 0.8343909
crop001682.png
702 160 760 223 0.6048374
776 176 874 240 0.7743514
282 203 372 257 0.80168515
559 157 638 241 0.82438767
212 181 277 238 0.938227
crop001683.png
236 173 324 261 0.7420643
348 150 432 235 0.94477737
crop001684.png
266 100 301 129 0.93840766
crop001688.png
602 171 770 368 0.89566296
crop001704.png
805 75 837 109 0.35470885
111 325 251 433 0.4074748
453 275 612 407 0.4603399
397 58 638 272 0.5533637
crop001706.png
752 85 920 304 0.6353952
crop001715.png
496 218 588 312 0.71968096
384 257 506 353 0.8539029
crop001716.png
57 234 160 319 0.69360816
223 261 300 324 0.8408533
crop001718.png
827 400 922 472 0.6745855
914 386 986 437 0.72577417
634 381 713 439 0.95142084
crop001719.png
867 447 962 520 0.6197481
946 449 1030 516 0.76920456
367 382 480 454 0.81604725
761 417 842 499 0.825217
453 371 554 455 0.9213965
crop001722.png
137 354 263 445 0.5016744
249 275 383 412 0.7836134
crop001723.png
379 196 443 238 0.84622973
crop001724.png
91 153 136 227 0.6308326
220 154 284 192 0.9471157
crop001725.png
180 211 228 248 0.7869738
206 206 250 252 0.9359975
person_007.png
154 94 243 208 0.97831154
person_008.png
170 105 308 225 0.99106926
person_009.png
177 65 336 211 0.98723394
person_010.png
39 235 84 267 0.44560447
223 146 294 254 0.88927466
person_011.png
171 147 286 238 0.85495293
person_012.png
230 195 281 270 0.98427266
person_013.png
201 213 311 312 0.9166753
person_014.png
179 106 310 227 0.9522823
person_015.png
210 191 280 244 0.55773634
person_026.png
185 51 332 197 0.99089164
person_028.png
146 51 299 221 0.9965838
person_029.png
98 73 224 233 0.97441953
person_030.png
140 31 269 221 0.9803862
person_032.png
164 44 319 212 0.9970358
person_033.png
156 109 305 245 0.99750847
person_034.png
134 37 275 206 0.99664927
person_036.png
197 73 356 206 0.9917454
person_037.png
239 229 310 307 0.974863
person_038.png
224 194 323 290 0.9724339
person_039.png
200 232 260 270 0.89932257
person_040.png
172 148 287 223 0.97759986
person_051.png
292 101 386 193 0.97769904
person_052.png
297 104 364 188 0.9865712
person_053.png
301 116 393 197 0.9879864
person_055.png
266 138 381 236 0.9697895
person_056.png
318 71 403 156 0.9927234
person_058.png
324 125 383 191 0.8532994
person_059.png
304 123 390 223 0.97576475
person_062.png
420 150 470 235 0.8429914
person_063.png
319 166 393 238 0.99487984
person_064.png
248 125 358 223 0.9610372
person_065.png
268 117 342 203 0.98863953
person_070.png
226 136 304 213 0.9790638
person_071.png
206 74 305 166 0.9717459
person_073.png
320 205 372 240 0.87317693
person_075.png
275 185 326 217 0.9413126
person_076.png
271 124 372 228 0.9504032
person_085.png
141 178 214 258 0.8514057
273 150 375 234 0.9052943
person_087.png
235 180 329 272 0.9832509
person_088.png
351 137 394 186 0.3988952
161 116 301 236 0.96795064
person_089.png
193 163 291 254 0.9555334
person_090.png
228 166 317 242 0.9969884
person_092.png
187 104 323 222 0.76144356
person_093.png
119 133 217 229 0.6879595
262 134 377 229 0.958049
person_094.png
191 103 324 235 0.9827815
person_095.png
351 121 396 165 0.562634
165 91 305 232 0.9932361
person_096.png
338 67 383 116 0.35933647
189 100 345 210 0.9755674
person_098.png
62 122 152 211 0.67502
104 136 258 235 0.8460042
291 76 443 201 0.85931903
person_099.png
200 112 335 227 0.9560854
person_100.png
330 227 390 289 0.8064098
163 213 232 290 0.9942023
person_104.png
274 198 380 297 0.96551085
163 197 261 272 0.9699025
person_105.png
219 110 351 223 0.75070816
116 115 209 209 0.8910206
person_107.png
55 173 202 288 0.8093245
243 89 375 251 0.98263186
person_115.png
158 93 249 220 0.52746403
263 124 368 241 0.752039
43 60 168 201 0.77976954
person_118.png
195 205 242 252 0.8837023
138 215 191 259 0.9255002
person_120.png
167 182 251 249 0.976997
247 161 336 242 0.9826489
person_122.png
213 226 272 289 0.83021945
person_127.png
340 74 435 164 0.9796792
253 111 328 193 0.9924186
person_132.png
146 231 160 251 0.3376544
180 198 203 225 0.33834383
105 209 132 234 0.5243161
70 208 86 234 0.59732926
295 187 342 221 0.69376284
240 181 280 218 0.8080579
198 188 252 221 0.84636974
385 184 433 218 0.86504626
461 178 504 214 0.95841175
person_134.png
424 88 452 123 0.3171948
88 112 99 140 0.31834894
488 94 516 123 0.86156285
232 114 329 205 0.9893799
332 105 429 200 0.99728775
person_135.png
257 155 317 216 0.65223545
193 150 253 218 0.8692677
312 140 386 202 0.9728016
person_136.png
324 124 390 195 0.9472306
239 146 305 212 0.9627657
person_137.png
159 104 205 149 0.6598756
210 93 275 143 0.74711066
311 91 370 146 0.76195776
388 123 436 171 0.90712184
person_138.png
183 66 297 157 0.6947273
487 39 562 132 0.97804296
334 61 431 154 0.9929278
person_159.png
382 180 433 219 0.7003338
185 179 215 207 0.70377296
455 171 510 203 0.76949984
307 160 371 201 0.80454403
271 176 309 215 0.8235806
209 186 260 225 0.82463586
person_161.png
373 113 418 151 0.60382754
279 94 366 178 0.96720517
person_164.png
251 144 327 213 0.98694277
person_186.png
345 165 408 211 0.75025475
259 166 323 223 0.9202507
person_188.png
353 187 397 224 0.83659726
419 196 477 238 0.909381
215 187 269 221 0.9158787
266 178 316 210 0.96816355
person_189.png
375 126 421 208 0.878491
271 117 358 193 0.9882033
person_190.png
263 138 319 200 0.8133221
130 122 201 193 0.96866834
440 115 520 182 0.972165
355 123 439 198 0.9787929
person_191.png
267 201 296 224 0.583322
218 175 266 208 0.7420925
184 178 221 210 0.8268495
476 175 542 221 0.8809093
407 170 468 229 0.8896786
333 182 397 227 0.9171263
person_193.png
572 163 603 189 0.3818891
425 191 479 220 0.72507554
337 162 399 222 0.90162635
183 141 270 226 0.9938939
person_194.png
408 183 457 218 0.7346286
355 183 400 219 0.8074711
263 187 315 229 0.88701457
person_198.png
2 97 28 129 0.67926157
203 86 299 177 0.9843775
326 108 418 193 0.9901393
person_200.png
423 195 457 230 0.32515845
222 197 263 237 0.3393353
524 197 551 225 0.5677296
564 199 596 225 0.57196456
194 199 231 235 0.63983035
72 217 120 253 0.7058819
114 197 140 237 0.72111344
602 194 635 228 0.81223863
482 218 530 246 0.83888686
251 198 304 238 0.9187983
361 214 412 248 0.9374882
299 200 351 236 0.9380493
person_204.png
565 126 630 196 0.5325657
501 98 570 139 0.6595652
453 101 477 125 0.7005475
98 75 170 132 0.866412
242 153 315 219 0.92722833
333 102 434 187 0.98273385
person_206.png
304 170 393 253 0.98718566
person_207.png
300 169 360 216 0.34433696
112 175 143 220 0.34621108
411 178 479 244 0.7282985
189 174 232 203 0.7922522
person_210.png
255 151 328 219 0.9626305
338 139 407 222 0.98969054
person_212.png
309 174 359 213 0.6423886
person_216.png
359 124 422 210 0.87264484
220 128 296 197 0.9270733
person_217.png
437 191 502 231 0.61389345
365 193 433 244 0.7054543
48 195 109 241 0.8506678
162 200 214 244 0.910212
247 216 313 272 0.93963534
person_218.png
229 101 334 195 0.94891745
334 125 411 197 0.9564428
person_222.png
404 64 503 156 0.9843899
164 71 248 182 0.98899496
person_230.png
117 150 143 179 0.5710313
149 137 216 180 0.93508404
417 124 507 217 0.97536683
266 123 362 199 0.9817527
person_236.png
477 168 525 206 0.50251037
147 188 193 221 0.7394283
215 157 259 193 0.86240095
446 166 500 201 0.88424987
537 153 602 194 0.90187037
318 132 383 211 0.98187345
person_246.png
199 23 282 119 0.90846354
286 78 389 177 0.92639625
person_247.png
254 151 316 199 0.39660466
322 144 382 213 0.9621884
person_248.png
265 119 366 202 0.9645448
382 162 464 239 0.9945664
person_249.png
282 176 349 236 0.31253275
471 161 532 228 0.78656083
418 161 479 235 0.8548484
217 180 288 242 0.87487715
person_250.png
380 89 461 174 0.9353736
127 98 201 176 0.94328415
226 90 325 181 0.9587127
person_251.png
312 51 460 162 0.39024135
464 96 531 143 0.6398899
216 80 318 162 0.96046925
person_255.png
409 154 469 216 0.86631685
230 141 291 206 0.9855555
person_263.png
70 123 159 199 0.6944317
288 129 369 214 0.9703482
190 121 274 217 0.98432904
person_265.png
311 194 373 248 0.5100193
498 173 560 241 0.8375778
75 67 175 156 0.955025
402 163 467 229 0.9747282
person_272.png
43 63 175 178 0.36582217
183 53 279 164 0.74676836
441 27 579 151 0.8512224
289 36 432 156 0.9576343
person_280.png
456 162 508 197 0.6460899
503 154 538 190 0.86882174
340 151 389 192 0.9332057
269 160 337 226 0.95507675
person_282.png
94 133 122 166 0.70305103
265 128 337 221 0.980292
person_290.png
320 143 408 217 0.9928315
person_293.png
176 112 220 143 0.5889139
116 123 159 154 0.9080459
269 112 350 177 0.99129695
person_303.png
208 124 257 190 0.6169061
473 123 527 162 0.8288452
153 149 204 201 0.8564236
380 128 449 207 0.89989257
257 143 342 244 0.9809037
person_306.png
256 142 338 220 0.98175
161 140 242 222 0.98770183
person_314.png
184 128 241 195 0.77232105
508 106 584 193 0.9805692
person_315.png
528 180 565 220 0.6183114
482 194 524 229 0.7114141
335 197 396 250 0.85095453
person_316.png
294 208 333 278 0.8713612
323 191 401 271 0.94930255
person_317.png
334 151 394 196 0.83552235
206 158 263 230 0.9106582
person_318.png
317 122 365 172 0.866821
217 106 295 179 0.91513973
person_323.png
140 71 245 155 0.90049744
275 108 357 180 0.99173576
person_325.png
152 108 223 187 0.96739936
223 105 321 194 0.986542
person_335.png
177 150 222 178 0.83124894
271 151 341 220 0.87881577
230 155 258 189 0.90369433
person_336.png
86 127 101 152 0.53708917
297 123 366 192 0.94842213
368 96 454 175 0.99410504
person_337.png
315 187 381 231 0.5578058
188 145 249 202 0.90336543
77 141 129 180 0.9306303
146 166 189 201 0.93271405
person_347.png
443 165 489 212 0.5203161
257 109 343 192 0.994105
person_350.png
515 107 579 193 0.40300673
50 79 129 173 0.89078283
152 78 223 175 0.92534566
277 107 374 189 0.9746223
person_and_bike_004.png
154 12 312 198 0.9842996
person_and_bike_006.png
198 56 303 153 0.9753383
person_and_bike_012.png
6 68 63 112 0.57538587
346 64 446 159 0.9476216
218 86 300 172 0.99178576
person_and_bike_014.png
548 96 577 126 0.542927
331 67 432 148 0.97964746
person_and_bike_027.png
301 144 374 191 0.6752942
242 121 306 168 0.84873253
person_and_bike_028.png
447 125 468 149 0.34800038
383 117 394 134 0.38485265
342 128 359 145 0.811254
440 120 474 154 0.8805707
479 119 510 146 0.90927076
264 142 332 219 0.9783621
person_and_bike_029.png
195 156 301 238 0.98517144
person_and_bike_035.png
276 132 331 205 0.96045697
184 137 228 217 0.9731661
person_and_bike_038.png
56 151 73 174 0.39176214
82 129 134 166 0.7108775
309 125 371 178 0.75808656
489 117 583 194 0.9691814
person_and_bike_042.png
322 49 404 140 0.9798813
person_and_bike_043.png
311 32 398 131 0.99017656
person_and_bike_044.png
294 68 387 147 0.98383707
person_and_bike_045.png
192 36 336 139 0.98444784
person_and_bike_046.png
234 45 328 133 0.9684477
person_and_bike_047.png
283 60 386 146 0.9915083
person_and_bike_048.png
194 52 323 143 0.7774225
person_and_bike_049.png
306 33 394 127 0.9915704
person_and_bike_050.png
304 28 439 125 0.90547
person_and_bike_051.png
308 80 376 155 0.905605
person_and_bike_052.png
281 24 394 134 0.6577485
person_and_bike_053.png
265 23 363 118 0.876823
person_and_bike_054.png
221 51 346 146 0.768404
person_and_bike_055.png
239 61 334 142 0.99454623
person_and_bike_056.png
304 34 424 133 0.61160034
person_and_bike_057.png
245 42 349 136 0.8755151
person_and_bike_058.png
180 42 271 135 0.9683121
person_and_bike_059.png
272 55 360 140 0.9770643
person_and_bike_060.png
253 27 346 132 0.9771897
person_and_bike_061.png
290 55 402 135 0.89628035
person_and_bike_062.png
274 36 374 136 0.97970384
person_and_bike_063.png
271 36 399 124 0.73348844
person_and_bike_064.png
232 40 384 114 0.76504976
person_and_bike_065.png
228 37 304 108 0.9805592
person_and_bike_066.png
251 38 359 135 0.9259599
person_and_bike_067.png
249 52 360 136 0.97794175
person_and_bike_069.png
294 32 401 143 0.5822641
person_and_bike_070.png
244 52 333 142 0.9818558
person_and_bike_071.png
264 49 380 158 0.8518008
person_and_bike_072.png
395 52 482 139 0.9704979
person_and_bike_073.png
236 52 321 143 0.98705524
person_and_bike_076.png
148 29 205 91 0.54440886
320 39 408 125 0.9776829
person_and_bike_077.png
383 25 470 115 0.97064054
person_and_bike_079.png
293 51 386 148 0.9057268
person_and_bike_080.png
374 38 523 140 0.98044086
person_and_bike_081.png
273 32 425 145 0.9846396
person_and_bike_082.png
311 30 417 134 0.52584714
person_and_bike_083.png
248 31 347 139 0.7883568
person_and_bike_084.png
306 55 405 153 0.8997468
person_and_bike_085.png
293 63 407 160 0.8701855
person_and_bike_086.png
285 51 395 137 0.90490097
person_and_bike_087.png
307 21 402 122 0.91844094
person_and_bike_088.png
330 47 415 148 0.94325155
person_and_bike_089.png
228 50 330 126 0.980942
person_and_bike_090.png
143 56 221 143 0.98459095
person_and_bike_091.png
201 29 375 129 0.93085176
person_and_bike_092.png
269 26 378 119 0.8367216
person_and_bike_093.png
264 41 356 128 0.980972
person_and_bike_094.png
252 46 364 129 0.9674766
person_and_bike_095.png
198 51 282 144 0.96058404
person_and_bike_096.png
211 39 306 133 0.97016054
person_and_bike_097.png
301 20 445 128 0.95192474
person_and_bike_098.png
208 9 357 86 0.6779298
person_and_bike_099.png
233 13 376 60 0.39578205
person_and_bike_100.png
272 6 372 102 0.70500624
person_and_bike_101.png
267 53 387 118 0.9031344
person_and_bike_102.png
258 39 345 136 0.9718866
person_and_bike_103.png
314 39 449 112 0.89043623
person_and_bike_104.png
309 71 441 140 0.49256214
person_and_bike_105.png
265 37 385 132 0.9138112
person_and_bike_106.png
265 49 381 118 0.8554382
person_and_bike_107.png
222 43 346 116 0.64940375
person_and_bike_108.png
207 0 352 56 0.35349572
person_and_bike_109.png
188 36 286 112 0.9417309
person_and_bike_110.png
280 0 390 95 0.77871805
person_and_bike_111.png
300 17 399 111 0.803295
person_and_bike_112.png
222 0 383 76 0.76124984
person_and_bike_113.png
213 8 346 84 0.80187005
person_and_bike_114.png
283 43 371 149 0.9774435
person_and_bike_126.png
502 149 518 168 0.4109665
513 147 527 170 0.44391364
531 144 555 172 0.73590595
487 148 505 170 0.7730746
299 141 364 210 0.8557872
115 137 174 175 0.9558056
362 136 457 215 0.99595875
person_and_bike_133.png
362 144 415 223 0.87785846
259 112 345 196 0.9929908
person_and_bike_136.png
392 155 450 206 0.49559128
77 182 112 219 0.6213932
118 170 192 215 0.7172565
329 154 388 215 0.73043144
198 176 266 212 0.870083
person_and_bike_140.png
256 142 331 195 0.96571857
person_and_bike_141.png
219 46 328 146 0.87920314
person_and_bike_149.png
214 175 293 248 0.9773689
person_and_bike_153.png
82 187 100 209 0.50430447
384 137 463 208 0.99692816
person_and_bike_159.png
257 38 390 148 0.8043613
person_and_bike_160.png
270 36 427 134 0.967232
person_and_bike_161.png
260 55 366 143 0.96449244
person_and_bike_162.png
237 47 356 146 0.9376541
person_and_bike_163.png
191 37 285 139 0.89533025
person_and_bike_164.png
225 48 373 115 0.56305075
person_and_bike_165.png
238 38 339 125 0.984697
person_and_bike_177.png
101 118 250 244 0.9863842
person_and_bike_181.png
520 74 551 106 0.44936603
326 182 389 236 0.7418145
254 184 326 238 0.77302516
person_and_bike_188.png
427 185 447 204 0.44311577
293 188 326 212 0.69741845
345 188 398 221 0.9347504
person_and_bike_189.png
251 96 362 194 0.91717017
person_and_bike_190.png
305 131 365 202 0.887688
219 145 284 200 0.92639405